0 0.5858894810792366 0.7447479516261287 0.5668630735559412 0.7583382427141966 0.5668630735559412 0.7760056211286852 0.568222102664748 0.7882368831079462 0.585209966524833 0.7950320286519804 0.6008388012761114 0.8004681450872076 0.6198652087994065 0.8018271741960143 0.6259808397890373 0.7943525140975771 0.6280193834522474 0.7773646502374919 0.6259808397890373 0.7637743591494238 0.6062749177113387 0.7495045535069527 0.5858894810792366 0.7447479516261287
0 0.6673106516606988 0.32928903160743606 0.6737102618156137 0.3426700346586217 0.6818552201945962 0.3508149930376042 0.688836613090867 0.3537239067443836 0.6882548303495111 0.3356886417623509 0.6859276993840874 0.3182351595216741 0.6789463064878167 0.30776307017726806 0.6713831308501901 0.31648981129760645 0.6673106516606988 0.32928903160743606
0 0.4444878617213913 0.19664256657829224 0.4526328201003738 0.20827822140541016 0.46310490944477994 0.21235070059490138 0.4718316505651184 0.20827822140541016 0.4834673053922362 0.20013326302642762 0.47997660894410077 0.1855886944925303 0.47415878153054186 0.17337125692405647 0.462523126703424 0.16406273306236216 0.4479785581695267 0.16929877773456525 0.4415789480146119 0.1809344325616831 0.4444878617213913 0.19664256657829224
0 0.3496572748803806 0.20769643866405424 0.36012936422478664 0.22107744171523983 0.37525571550003994 0.22514992090473107 0.38805493580986966 0.21525961430168086 0.38805493580986955 0.20129682850913944 0.3828188911376666 0.1861704772338861 0.3676925398624133 0.17337125692405647 0.35489331955258363 0.17628017063083593 0.347330143914957 0.1919883046474451 0.3496572748803806 0.20769643866405424
0 0.2949696971929265 0.27692858488540567 0.30311465557190903 0.28856423971252354 0.3118413966922475 0.29670919809150603 0.32522239974343303 0.2955456326087943 0.33220379263970373 0.28390997778167637 0.32696774796750067 0.26587471279964364 0.32056813781258586 0.253075492489814 0.30311465557190903 0.25133014426574635 0.29729682815835007 0.253075492489814 0.29206078348614706 0.2682018437650672 0.2949696971929265 0.27692858488540567
0 0.27228017028004664 0.38746730574302546 0.28042512865902913 0.39677582960471985 0.29031543526207937 0.4078297016904819 0.30486000379597666 0.4037572225009906 0.3083507002441121 0.38746730574302546 0.29787861089970596 0.373504519950484 0.281588694141741 0.3671049097955692 0.27228017028004664 0.373504519950484 0.27228017028004664 0.38746730574302546
0 0.9329634453299663 0.7637743591494238 0.9309249016667563 0.7773646502374919 0.9329634453299667 0.7943525140975771 0.9390790763195972 0.8018271741960143 0.9581054838428925 0.8004681450872076 0.9737343185941706 0.7950320286519804 0.9907221824542558 0.7882368831079462 0.9920812115630626 0.7760056211286852 0.9920812115630626 0.7583382427141966 0.9730548040397672 0.7447479516261287 0.9526693674076652 0.7495045535069527 0.9329634453299663 0.7637743591494238
0 0.8799979786311871 0.30776307017726806 0.8730165857349163 0.3182351595216741 0.8706894547694927 0.3356886417623509 0.8701076720281369 0.3537239067443836 0.8770890649244077 0.3508149930376042 0.8852340233033901 0.3426700346586217 0.8916336334583049 0.32928903160743606 0.8875611542688137 0.31648981129760645 0.8799979786311871 0.30776307017726806
0 0.08029186563260157 0.17628017063083593 0.0674926453227719 0.17337125692405647 0.052366294047518615 0.1861704772338861 0.04713024937531561 0.20129682850913944 0.04713024937531554 0.21525961430168086 0.059929469685145245 0.22514992090473107 0.07505582096039855 0.22107744171523983 0.08552791030480458 0.20769643866405424 0.08785504127022818 0.1919883046474451 0.08029186563260157 0.17628017063083593
0 0.1378883570268351 0.253075492489814 0.13207052961327614 0.25133014426574635 0.11461704737259934 0.253075492489814 0.1082174372176845 0.26587471279964364 0.10298139254548143 0.28390997778167637 0.10996278544175218 0.2955456326087943 0.1233437884929377 0.29670919809150603 0.13207052961327614 0.28856423971252354 0.1402154879922587 0.27692858488540567 0.14312440169903815 0.2682018437650672 0.1378883570268351 0.253075492489814
0 0.15359649104344422 0.3671049097955692 0.1373065742854792 0.373504519950484 0.1268344849410731 0.38746730574302546 0.13032518138920848 0.4037572225009906 0.1448697499231058 0.4078297016904819 0.15476005652615601 0.39677582960471985 0.16290501490513856 0.38746730574302546 0.16290501490513856 0.373504519950484 0.15359649104344422 0.3671049097955692