0 0.645314 0.6494966772486772 0.6565768571428571 0.6437675343915343 0.6590728571428571 0.6313132486772488 0.6558394285714286 0.6227686772486772 0.6479122857142857 0.6183843915343915 0.6107545714285715 0.6265555343915344 0.5952091428571429 0.6326518201058201 0.599476 0.6403543915343916 0.6020994285714286 0.650238962962963 0.6084662857142857 0.657952962962963 0.6208217142857143 0.6582235343915344 0.645314 0.6494966772486772
0 0.5069282857142857 0.5921406772486772 0.5238437142857143 0.5857266772486772 0.5343145714285714 0.5755886772486772 0.5369725714285715 0.5648052486772487 0.5330788571428572 0.553880962962963 0.5265285714285715 0.5495952486772486 0.5129885714285715 0.5510963915343916 0.49453514285714284 0.5540863915343915 0.474768 0.5588586772486772 0.4599351428571428 0.5628783915343916 0.457384 0.5660683915343915 0.4586454285714286 0.5758378201058201 0.46146971428571426 0.5844203915343916 0.46424342857142864 0.5914392486772486 0.47103742857142855 0.5970052486772487 0.48608628571428575 0.5971415343915344 0.5069282857142857 0.5921406772486772
0 0.4122494285714286 0.5580741058201057 0.4422671428571428 0.5423683915343915 0.448986 0.5350912486772487 0.45255685714285715 0.5170635343915344 0.44893885714285714 0.5105041058201059 0.43877428571428573 0.5059735343915344 0.42972 0.5058761058201058 0.3775605714285714 0.5248781058201059 0.37537857142857145 0.52984182010582 0.3771868571428571 0.5374132486772487 0.38173342857142856 0.5490103915343915 0.3880885714285714 0.5590572486772486 0.39884314285714284 0.5613298201058201 0.4122494285714286 0.5580741058201057
0 0.4601168571428572 0.41104324867724873 0.4729442857142857 0.4045886772486773 0.4815202857142857 0.397142962962963 0.4831754285714286 0.38928782010582 0.4832197142857143 0.38145124867724867 0.4792928571428572 0.3748415343915344 0.47224028571428567 0.36912010582010574 0.46062057142857143 0.3683915343915344 0.44204457142857145 0.37113639153439154 0.42274685714285715 0.3755103915343916 0.41431485714285715 0.3786678201058201 0.4156414285714285 0.3808512486772487 0.4177954285714286 0.38337296296296297 0.41746714285714287 0.39039924867724873 0.4142662857142857 0.3937058201058201 0.42322 0.41415496296296295 0.4462371428571429 0.4139698201058201 0.4601168571428572 0.41104324867724873
0 0.26707571428571425 0.24704667724867727 0.2801808571428572 0.26309267724867724 0.2940097142857143 0.2701278201058201 0.3092628571428571 0.27305782010582014 0.3196374285714286 0.27690753439153437 0.31455485714285714 0.25734039153439153 0.2986888571428572 0.21383696296296295 0.26460228571428573 0.2137755343915344 0.2613325714285714 0.22626296296296294 0.26707571428571425 0.24704667724867727
0 0.1813522857142857 0.26508267724867723 0.18830885714285714 0.2602952486772487 0.1876405714285714 0.2560558201058201 0.1856405714285714 0.24625439153439152 0.1812502857142857 0.24141724867724867 0.17263742857142858 0.2412241058201058 0.16598942857142857 0.24514267724867725 0.1649294285714286 0.24959410582010583 0.16639714285714285 0.25585096296296295 0.16621428571428573 0.2654612486772487 0.1703862857142857 0.27976896296296294 0.17606342857142857 0.27112096296296295 0.1813522857142857 0.26508267724867723
0 0.2733351428571429 0.4250295343915344 0.27622142857142856 0.4203155343915344 0.2752631428571429 0.40136524867724865 0.2677922857142857 0.3951958201058201 0.2503194285714286 0.3930389629629629 0.22961057142857141 0.393344962962963 0.2140945714285714 0.39769382010582005 0.20387485714285716 0.40478153439153436 0.2016894285714286 0.4132143915343915 0.26740342857142857 0.4275161058201058 0.2733351428571429 0.4250295343915344
0 0.6084662857142857 0.9108301058201058 0.6020994285714286 0.9185441058201059 0.599476 0.9284286772486773 0.5952091428571429 0.9361312486772486 0.6107545714285715 0.9422275343915344 0.6479122857142857 0.9503986772486773 0.6558394285714286 0.9460143915343916 0.6590728571428571 0.9374698201058201 0.6565768571428571 0.9250155343915344 0.645314 0.9192863915343915 0.6208217142857143 0.9105595343915343 0.6084662857142857 0.9108301058201058
0 0.5343145714285714 0.9931943915343916 0.5238437142857143 0.9830563915343915 0.5069282857142857 0.9766423915343915 0.48608628571428575 0.9716415343915343 0.47103742857142855 0.9717778201058201 0.46424342857142864 0.9773438201058201 0.46146971428571426 0.9843626772486772 0.4586454285714286 0.9929452486772488 0.4577345191136464 1 0.5359920812466933 1 0.5343145714285714 0.9931943915343916
0 0.42322 0.01177096296296295 0.4142662857142857 0.03222010582010582 0.41746714285714287 0.03552667724867723 0.4177954285714286 0.042552962962962966 0.4156414285714285 0.04507467724867723 0.41431485714285715 0.04725810582010581 0.42274685714285715 0.05041553439153438 0.44204457142857145 0.05478953439153441 0.46062057142857143 0.057534391534391535 0.47224028571428567 0.05680582010582013 0.4792928571428572 0.05108439153439153 0.4832197142857143 0.04447467724867725 0.4831754285714286 0.03663810582010584 0.4815202857142857 0.02878296296296297 0.4729442857142857 0.021337248677248673 0.4601168571428572 0.01488267724867725 0.4462371428571429 0.011956105820105825 0.42322 0.01177096296296295
0 0.26460228571428573 0.21215039153439152 0.2986888571428572 0.21208896296296298 0.31455485714285714 0.1685855343915344 0.3196374285714286 0.14901839153439156 0.3092628571428571 0.15286810582010582 0.2940097142857143 0.1557981058201058 0.2801808571428572 0.1628332486772487 0.26707571428571425 0.17887924867724866 0.2613325714285714 0.19966296296296296 0.26460228571428573 0.21215039153439152
0 0.1703862857142857 0.14615696296296296 0.16621428571428573 0.16046467724867725 0.16639714285714285 0.17007496296296298 0.1649294285714286 0.1763318201058201 0.16598942857142857 0.18078324867724868 0.17263742857142858 0.18470182010582012 0.1812502857142857 0.18450867724867723 0.1856405714285714 0.17967153439153438 0.1876405714285714 0.1698701058201058 0.18830885714285714 0.16563067724867725 0.1813522857142857 0.16084324867724867 0.17606342857142857 0.15480496296296295 0.1703862857142857 0.14615696296296296
0 0.2016894285714286 0.012711534391534381 0.20387485714285716 0.021144391534391543 0.2140945714285714 0.02823210582010583 0.22961057142857141 0.03258096296296298 0.2503194285714286 0.032886962962962986 0.2677922857142857 0.03073010582010581 0.2752631428571429 0.02456067724867726 0.27622142857142856 0.005610391534391534 0.2733351428571429 0.0008963915343915501 0.2711968015213388 0 0.26009681626757913 0 0.2016894285714286 0.012711534391534381