0 0.216796875 0.5693359375 0.2275390625 0.578125 0.2412109375 0.58203125 0.2705078125 0.583984375 0.3447265625 0.57421875 0.3759765625 0.5625 0.384765625 0.5517578125 0.3759765625 0.5390625 0.3564453125 0.529296875 0.2998046875 0.517578125 0.2470703125 0.51953125 0.2216796875 0.52734375 0.208984375 0.5361328125 0.20703125 0.5517578125 0.216796875 0.5693359375
0 0.3515625 0.4853515625 0.3701171875 0.501953125 0.3916015625 0.509765625 0.4345703125 0.51171875 0.4814453125 0.5078125 0.5126953125 0.501953125 0.525390625 0.4912109375 0.5048828125 0.46875 0.4560546875 0.44921875 0.3994140625 0.443359375 0.3662109375 0.44921875 0.345703125 0.4599609375 0.34375 0.4677734375 0.3515625 0.4853515625
0 0.3515625 0.3408203125 0.3623046875 0.359375 0.4169921875 0.3828125 0.4697265625 0.392578125 0.494140625 0.3896484375 0.484375 0.3681640625 0.4462890625 0.337890625 0.4013671875 0.3203125 0.3603515625 0.322265625 0.3515625 0.3310546875 0.3515625 0.3408203125
0 0.6357421875 0.4453125 0.6650390625 0.447265625 0.6923828125 0.4375 0.7158203125 0.423828125 0.732421875 0.4052734375 0.73046875 0.3701171875 0.7099609375 0.349609375 0.6865234375 0.349609375 0.6630859375 0.36328125 0.6484375 0.3779296875 0.62890625 0.4091796875 0.626953125 0.4365234375 0.6357421875 0.4453125
0 0.5546875 0.7705078125 0.5888671875 0.814453125 0.5986328125 0.8203125 0.6162109375 0.8203125 0.625 0.8134765625 0.6328125 0.7900390625 0.615234375 0.7451171875 0.603515625 0.7255859375 0.5615234375 0.6796875 0.5498046875 0.671875 0.5361328125 0.671875 0.53125 0.6787109375 0.533203125 0.7138671875 0.5546875 0.7705078125
0 0.556640625 0.6064453125 0.58984375 0.6630859375 0.6474609375 0.71484375 0.6591796875 0.720703125 0.6865234375 0.71484375 0.69921875 0.6982421875 0.701171875 0.6806640625 0.673828125 0.6435546875 0.6162109375 0.59375 0.5771484375 0.576171875 0.5595703125 0.576171875 0.5546875 0.5810546875 0.552734375 0.5927734375 0.556640625 0.6064453125
0 0.7734375 0.4248046875 0.78515625 0.4482421875 0.814453125 0.4833984375 0.8486328125 0.51171875 0.8916015625 0.53125 0.9189453125 0.529296875 0.9375 0.5146484375 0.94140625 0.5048828125 0.9375 0.4833984375 0.9130859375 0.45703125 0.8876953125 0.439453125 0.8193359375 0.412109375 0.7783203125 0.412109375 0.7734375 0.4169921875 0.7734375 0.4248046875
0 0.6640625 0.5107421875 0.7197265625 0.580078125 0.7509765625 0.59765625 0.7685546875 0.59765625 0.7919921875 0.587890625 0.8046875 0.5732421875 0.8125 0.5556640625 0.8046875 0.5380859375 0.7470703125 0.48828125 0.7080078125 0.46875 0.6767578125 0.458984375 0.6591796875 0.458984375 0.650390625 0.4658203125 0.650390625 0.4814453125 0.6640625 0.5107421875
0 0.388671875 0.4287109375 0.4150390625 0.443359375 0.5087890625 0.45703125 0.5283203125 0.45703125 0.53515625 0.4521484375 0.53125 0.4365234375 0.5146484375 0.419921875 0.4658203125 0.390625 0.4326171875 0.3828125 0.4091796875 0.3828125 0.3857421875 0.388671875 0.380859375 0.3935546875 0.37890625 0.4072265625 0.388671875 0.4287109375
0 0.2626953125 0.279296875 0.2744140625 0.283203125 0.279296875 0.2802734375 0.283203125 0.2451171875 0.2705078125 0.23046875 0.2412109375 0.232421875 0.2177734375 0.244140625 0.2119140625 0.251953125 0.2626953125 0.279296875
0 0.6328125 0.9581090856481482 0.625 0.9346715856481482 0.6162109375 0.9278356481481482 0.5986328125 0.9278356481481482 0.5888671875 0.9336950231481482 0.5546875 0.9776403356481482 0.54620624800447 1 0.6164204030797101 1 0.6328125 0.9581090856481482
0 0.2177734375 0.005859375 0.2412109375 0.017578125 0.2705078125 0.01953125 0.283203125 0.0048828125 0.2826605902777778 0 0.21337890625 0 0.2177734375 0.005859375