0 0.46975916666666667 0.8466616666666666 0.46882720350539403 0.8297246654983987 0.464533900315351 0.8057363858777187 0.46074570558172084 0.796646093922353 0.4544320533442165 0.7913434214959234 0.4456333333333333 0.7924300000000001 0.4405419946838138 0.7956360558318467 0.4354516666666666 0.8043316666666667 0.45700583333333333 0.8613683333333334 0.46975916666666667 0.8466616666666666
0 0.7784933333333334 0.8208583333333332 0.7713466666666666 0.8081349999999999 0.7463108333333333 0.7911524999999999 0.7378558333333333 0.7939775 0.7304433333333333 0.8014483333333333 0.7292875 0.8094333333333333 0.7331375 0.81974 0.7400141666666668 0.8274849999999999 0.7592133333333334 0.8411383333333333 0.7736666666666666 0.8340675 0.7784933333333334 0.8208583333333332
0 0.8244616666666666 0.5571425 0.8260874999999999 0.5498891666666667 0.8237275 0.54552 0.7991883333333333 0.5379466666666667 0.7878508333333334 0.5406691666666666 0.7874858333333333 0.5506658333333333 0.7994300000000001 0.5564650000000001 0.8091324999999999 0.5605941666666666 0.8181841666666666 0.564295 0.8244616666666666 0.5571425
0 0.8997549999999999 0.5378541666666666 0.9029783333333333 0.5197124999999999 0.8998186967222119 0.5132103640521699 0.8876964667923402 0.5079076916257402 0.8591633333333334 0.5039275000000001 0.8528450515050492 0.5081601990292339 0.8485517652706441 0.5187655438820932 0.8503195770455368 0.5291183813314587 0.8533908333333332 0.5330008333333334 0.8624418239310466 0.5387136880938117 0.8730487793585942 0.543511345713254 0.8893816666666666 0.5472925 0.8975457934465441 0.5430063309062668 0.8997549999999999 0.5378541666666666
0 0.8714225 0.45199083333333334 0.8714225 0.441505 0.8687809506280632 0.4365706585251328 0.8610791666666666 0.43084500000000003 0.8457992110424376 0.4267228443592862 0.8304408333333333 0.4270716666666666 0.8238276714139997 0.43505561410417104 0.8236458333333333 0.44423166666666664 0.8253416666666666 0.45157583333333334 0.8331275 0.45952999999999994 0.8567666666666666 0.4661116666666667 0.8657503846677763 0.46485157248173625 0.8714225 0.45199083333333334
0 0.6691710093526778 0.15254822759844616 0.67350038324036 0.14362026001464093 0.6681083333333333 0.1314825 0.6605991666666667 0.13089166666666666 0.6100175 0.1636775 0.6218185449043754 0.17689722844846062 0.6301816666666666 0.1786416666666667 0.6605122615773136 0.1585002059876496 0.6691710093526778 0.15254822759844616
0 0.73046875 0.6826171875 0.73046875 0.6748046875 0.7255859375 0.669921875 0.7060546875 0.66015625 0.6923828125 0.66015625 0.6884765625 0.662109375 0.68359375 0.6689453125 0.68359375 0.6787109375 0.685546875 0.6826171875 0.6904296875 0.6875 0.7001953125 0.693359375 0.7041015625 0.6953125 0.7119140625 0.69921875 0.7158203125 0.69921875 0.7216796875 0.697265625 0.7265625 0.6923828125 0.73046875 0.6826171875
0 0.853515625 0.7705078125 0.857421875 0.7646484375 0.861328125 0.7568359375 0.857421875 0.7470703125 0.8466796875 0.73828125 0.8310546875 0.73046875 0.8154296875 0.73046875 0.8115234375 0.732421875 0.8046875 0.7412109375 0.8046875 0.7548828125 0.8193359375 0.767578125 0.8388671875 0.779296875 0.84375 0.7783203125 0.8466796875 0.77734375 0.853515625 0.7705078125
0 0.86328125 0.6923828125 0.869140625 0.6806640625 0.869140625 0.6748046875 0.86328125 0.6669921875 0.86328125 0.6650390625 0.8388671875 0.6484375 0.8232421875 0.6484375 0.8193359375 0.650390625 0.8125 0.6591796875 0.8125 0.6689453125 0.814453125 0.6728515625 0.8408203125 0.697265625 0.8466796875 0.701171875 0.853515625 0.7001953125 0.8564453125 0.69921875 0.86328125 0.6923828125
0 0.8520675915007748 0.5969321949034936 0.8520675915007748 0.5949790699034936 0.8501144665007748 0.5891196949034937 0.8462082165007748 0.5832603199034937 0.8413254040007748 0.5783775074034937 0.8315597790007748 0.5764243824034937 0.8217941540007748 0.5744712574034937 0.8081222790007748 0.5744712574034937 0.8042160290007748 0.5764243824034937 0.8012863415007748 0.5793540699034937 0.7993332165007748 0.5910728199034937 0.8012863415007748 0.5969321949034936 0.8032394665007748 0.6008384449034936 0.8100754040007748 0.6076743824034936 0.8237472790007748 0.6115806324034936 0.8315597790007748 0.6135337574034936 0.8374191540007748 0.6154868824034936 0.8432785290007748 0.6135337574034936 0.8501144665007748 0.6047446949034936 0.8520675915007748 0.5969321949034936
0 0.4354516666666666 0.9456683333333333 0.4405419946838138 0.9543639441681533 0.4456333333333333 0.9575699999999999 0.4544320533442165 0.9586565785040766 0.46074570558172084 0.953353906077647 0.464533900315351 0.9442636141222813 0.46882720350539403 0.9202753345016013 0.46975916666666667 0.9033383333333334 0.45700583333333333 0.8886316666666666 0.4354516666666666 0.9456683333333333
0 0.7592133333333334 0.9088616666666667 0.7400141666666668 0.9225150000000001 0.7331375 0.93026 0.7292875 0.9405666666666667 0.7304433333333333 0.9485516666666667 0.7378558333333333 0.9560225 0.7463108333333333 0.9588475000000001 0.7713466666666666 0.9418650000000001 0.7784933333333334 0.9291416666666668 0.7736666666666666 0.9159325 0.7592133333333334 0.9088616666666667
0 0.6301816666666666 0.07135833333333333 0.6218185449043754 0.07310277155153938 0.6100175 0.0863225 0.6605991666666667 0.11910833333333333 0.6681083333333333 0.1185175 0.67350038324036 0.10637973998535906 0.6691710093526778 0.09745177240155385 0.6605122615773136 0.0914997940123504 0.6301816666666666 0.07135833333333333
0 0.861328125 0.9931640625 0.857421875 0.9853515625 0.853515625 0.9794921875 0.8466796875 0.97265625 0.84375 0.9716796875 0.8388671875 0.970703125 0.8193359375 0.982421875 0.8046875 0.9951171875 0.8046875 1 0.85859375 1 0.861328125 0.9931640625