0 0.04975654450261781 0.35783745394609273 0.05181020942408377 0.33874713980996707 0.019642670157068064 0.26261101415551674 0.009416462744606705 0.24757894292340674 0.0013128272251308902 0.24210708745394613 0 0.3861345743649409 0.03877748691099477 0.37010970525499326 0.04975654450261781 0.35783745394609273
0 0.3760033923725527 0.3452743140800515 0.3887434554973822 0.3816293387628466 0.4007848073203454 0.3895805708408744 0.4214925667194336 0.39229879865036327 0.4541884816753927 0.38948274190420795 0.4700369516483173 0.38414408411412915 0.4788631949773347 0.37497003026086567 0.4751308900523561 0.32796441729687803 0.4672774869109948 0.296550804731433 0.45942408376963356 0.27429949583090946 0.4479713277860112 0.25659179349850475 0.4343924655971553 0.24809728882067178 0.42015706806282727 0.24419478378902465 0.4024821534391303 0.24435972169415351 0.3887434554973822 0.2494303858832655 0.37634287402811994 0.2596498114495926 0.3702323907050635 0.27507477719199697 0.3681955629307115 0.29682069299121056 0.3702323907050635 0.3187714918372904 0.3760033923725527 0.3452743140800515
0 0.11395101727513053 0.31283921423978617 0.13090986743123628 0.3588655477440657 0.14656418146510797 0.3888969192667595 0.1586310286273944 0.3991587275801192 0.1806282722513089 0.3999539460926896 0.21204188481675393 0.3921005429513283 0.23298902028828472 0.38105524539445007 0.2424468549225718 0.36865098032020377 0.23821989528795814 0.34367122357960056 0.222226679389998 0.2971632708348334 0.20852915461036028 0.27333403932060435 0.1924083769633508 0.25728378902462673 0.17015706806282724 0.24812148535970524 0.15052356020942412 0.2494303858832655 0.13090986743123628 0.25897861120286336 0.1175384542884813 0.27301501327262984 0.11125654450261781 0.290006302113632 0.11395101727513053 0.31283921423978617
0 0.8298429319371728 0.634247139809967 0.8446457185753071 0.6707422159114026 0.8681122992841089 0.7099878137093038 0.8788059268685805 0.7215831039677746 0.8952879581151834 0.7258701764591817 0.9132631622423326 0.7189072677542812 0.926333169642443 0.7085012471084787 0.9355415530433149 0.6954193630291693 0.9397905759162305 0.6800586581345743 0.9397002041230323 0.6653905434844161 0.9358638743455499 0.6499539460926895 0.9248479254588433 0.6234691094730215 0.9099956739899555 0.5958188019335912 0.8987079650492249 0.5845208222732841 0.8871232018327142 0.5791691498462974 0.8717277486910995 0.5805822183439985 0.837696335078534 0.5975979251502812 0.8294964128306392 0.6071167679838915 0.8268230059345214 0.6207932732595283 0.8298429319371728 0.634247139809967
0 0.5750354399018726 0.5343391988032802 0.5904817999223207 0.5616921821345401 0.6356326628805443 0.6276961420673741 0.6513760771767727 0.6363182991241945 0.6688481675392671 0.6355560403335273 0.6899919364349413 0.6294800328763694 0.7028795811518326 0.6172314330036843 0.7116762458796643 0.6045055615504323 0.7173201139476802 0.5908290698848023 0.7176171410281592 0.5801257250308294 0.7146596858638744 0.5674932131083964 0.6845549738219896 0.5203727942602289 0.6489996973611338 0.47963320492074674 0.633850391616466 0.47933589432258306 0.6164921465968587 0.4850324801241032 0.5979079392544153 0.49479627679720856 0.5798429319371728 0.5125193911188676 0.5735502229135743 0.5224465843366389 0.5750354399018726 0.5343391988032802
0 0.5194655305366622 0.6826994584154293 0.5331166487284461 0.7109797736444334 0.5575916230366492 0.7481214853597054 0.5693079981726212 0.756418966796514 0.581151832460733 0.7585926895481869 0.6020942408376965 0.7559748885010665 0.6150233869442107 0.7503815843623106 0.6277221157357838 0.7402133873444439 0.6335078534031413 0.7284879775063021 0.6359762734645228 0.7170171560786366 0.6321989528795812 0.6996921659879776 0.6204203619397867 0.6703069564814932 0.5994674754194748 0.633129450679685 0.5848639387624187 0.6178771406071484 0.5677206679730725 0.6131107937094806 0.5477201853855022 0.6191481615979476 0.5235602094240838 0.6329382392864068 0.5130890052356021 0.6434094434748885 0.5099414912092477 0.6515593205020882 0.5194655305366622 0.6826994584154293
0 0.0013128272251308902 0.08659661624975759 0.009416462744606705 0.08112476078029698 0.019642670157068064 0.06609268954818692 0.047566854215936205 0 0.00052348903798923 0 0.0013128272251308902 0.08659661624975759
0 0.3702323907050635 0.009932211866413288 0.3681955629307115 0.03188301071249317 0.3702323907050635 0.05362892651170673 0.37634287402811994 0.06905389225411111 0.3887434554973822 0.07927331782043823 0.4024821534391303 0.0843439820095502 0.42015706806282727 0.08450891991467907 0.4343924655971553 0.08060641488303195 0.4479713277860112 0.07211191020519893 0.45942408376963356 0.05440420787279425 0.4672774869109948 0.03215289897227069 0.4751308900523561 0.0007392864068256673 0.47518959032500824 0 0.3723951343826197 0 0.3702323907050635 0.009932211866413288
0 0.11395101727513053 0.015864489463917514 0.11125654450261781 0.03869740159007173 0.1175384542884813 0.055688690431073856 0.13090986743123628 0.06972509250084034 0.15052356020942412 0.07927331782043823 0.17015706806282724 0.08058221834399844 0.1924083769633508 0.07141991467907698 0.20852915461036028 0.05536966438309931 0.222226679389998 0.0315404328688703 0.23307284488679503 0 0.11979644269005478 0 0.11395101727513053 0.015864489463917514
0 0.9397905759162305 0.9889591816947839 0.9355415530433149 0.9735984768001891 0.926333169642443 0.9605165927208796 0.9132631622423326 0.950110572075077 0.8952879581151834 0.9431476633701764 0.8788059268685805 0.9474347358615838 0.8681122992841089 0.9590300261200546 0.8446457185753071 0.9982756239179558 0.8439462935034028 1 0.9397225522763548 1 0.9397905759162305 0.9889591816947839
0 0.6204203619397867 0.9987108833478651 0.6321989528795812 0.9693256738413808 0.6359762734645228 0.9520006837507216 0.6335078534031413 0.9405298623230561 0.6277221157357838 0.9288044524849146 0.6150233869442107 0.9186362554670475 0.6020942408376965 0.9130429513282917 0.581151832460733 0.9104251502811713 0.5693079981726212 0.9125988730328444 0.5575916230366492 0.920896354469653 0.5331166487284461 0.9580380661849248 0.5194655305366622 0.986318381413929 0.5152810829969935 1 0.6196938281301324 1 0.6204203619397867 0.9987108833478651