0 0.376953125 0.3505859375 0.373046875 0.3408203125 0.3641635350027897 0.3295533113900892 0.3544921875 0.32421875 0.3427734375 0.32421875 0.3193359375 0.3359375 0.3017578125 0.34765625 0.29296875000000006 0.3603515625 0.29296875000000006 0.3798828125 0.298828125 0.3916015625 0.3154296875 0.40625 0.32421875 0.4052734375 0.365234375 0.3759765625 0.376953125 0.3505859375
0 0.365234375 0.4482421875 0.3671875 0.4423828125 0.365234375 0.4208984375 0.3544921875 0.40625 0.3330078125 0.41015625 0.3056640625 0.427734375 0.28906250000000006 0.4462890625 0.28710937500000006 0.4599609375 0.29492187500000006 0.4794921875 0.3076171875 0.48828125 0.3134765625 0.490234375 0.32421875 0.4892578125 0.3427734375 0.474609375 0.365234375 0.4482421875
0 0.34765625 0.5400390625000001 0.34765625 0.5107421875000001 0.3427734375 0.5058593750000001 0.3310546875 0.5078125000000001 0.3173828125 0.5136718750000001 0.3056640625 0.5214843750000001 0.29296875000000006 0.5380859375000001 0.29492187500000006 0.5498046875000001 0.302734375 0.5615234375000001 0.3115234375 0.5664062500000001 0.318359375 0.5654296875000001 0.3232421875 0.5644531250000001 0.34765625 0.5400390625000001
0 0.3076171875 0.189453125 0.33203125 0.1689453125 0.3310546875 0.154296875 0.3193359375 0.16015625 0.29492187500000006 0.1845703125 0.27539062500000006 0.2099609375 0.27343750000000006 0.2138671875 0.27734375000000006 0.2158203125 0.29003906250000006 0.208984375 0.3076171875 0.189453125
0 0.359375 0.27441406250000006 0.36328125 0.25292968750000006 0.359375 0.2451171875 0.3525390625 0.240234375 0.3388671875 0.236328125 0.3212890625 0.23828125 0.3134765625 0.2421875 0.2978515625 0.25390625000000006 0.28320312500000006 0.27050781250000006 0.28320312500000006 0.28027343750000006 0.28710937500000006 0.28808593750000006 0.302734375 0.3056640625 0.3046875 0.3115234375 0.3134765625 0.318359375 0.3203125 0.3193359375 0.34765625 0.28808593750000006 0.359375 0.27441406250000006
0 0.85546875 0.6142578125 0.849609375 0.5947265625 0.8447265625 0.5878906250000001 0.8291015625 0.5878906250000001 0.82421875 0.5947265625 0.818359375 0.6123046875 0.818359375 0.6220703125 0.82421875 0.6318359375 0.8388671875 0.646484375 0.8466796875 0.650390625 0.8515625 0.6494140625 0.85546875 0.6435546875 0.85546875 0.6142578125
0 0.875 0.7080078125 0.87890625 0.6982421875 0.876953125 0.6845703125 0.8740234375 0.681640625 0.8583984375 0.677734375 0.84765625 0.6845703125 0.8359375 0.6982421875 0.828125 0.7119140625 0.828125 0.7236328125 0.8359375 0.7353515625 0.8486328125 0.74609375 0.853515625 0.7451171875 0.86328125 0.7314453125 0.875 0.7080078125
0 0.83984375 0.7919921875 0.837890625 0.7783203125 0.8292791155553836 0.771073568613169 0.8144557365650512 0.7704560233328857 0.8014852954988577 0.7791016779875005 0.779296875 0.8056640625 0.779296875 0.8134765625 0.783203125 0.8173828125 0.783203125 0.8212890625 0.7958984375 0.833984375 0.7998046875 0.8359375 0.810546875 0.8349609375 0.82421875 0.8193359375 0.83984375 0.7919921875
0 0.765625 0.5634765625000001 0.771484375 0.5498046875000001 0.77734375 0.5244140625000001 0.77734375 0.5146484375000001 0.771484375 0.5029296875000001 0.7529296875 0.4921875 0.7392578125 0.494140625 0.732421875 0.5009765625000001 0.7265625 0.5244140625000001 0.72265625 0.5419921875000001 0.72265625 0.5556640625000001 0.72265625 0.5771484375000001 0.7294921875 0.5820312500000001 0.740234375 0.5810546875000001 0.7587890625 0.5703125000000001 0.765625 0.5634765625000001
0 0.798828125 0.8369140625 0.7763671875 0.83203125 0.7646484375 0.8359375 0.75 0.8505859375 0.751953125 0.8623046875 0.7626953125 0.873046875 0.771484375 0.8720703125 0.796875 0.8525390625 0.798828125 0.8369140625
0 0.939453125 0.2158203125 0.927734375 0.2060546875 0.9169921875 0.19140625 0.9091796875 0.189453125 0.9013671875 0.19140625 0.900390625 0.2001953125 0.91015625 0.2216796875 0.9189453125 0.23046875 0.92578125 0.2314453125 0.939453125 0.2216796875 0.939453125 0.2158203125
0 0.94140625 0.4169921875 0.939453125 0.3994140625 0.9150390625 0.376953125 0.9072265625 0.375 0.8994140625 0.376953125 0.890625 0.3955078125 0.89453125 0.4072265625 0.9111328125 0.42578125 0.9150390625 0.427734375 0.9296875 0.4267578125 0.9365234375 0.423828125 0.94140625 0.4169921875
0 0.9575486812537902 0.3544921875 0.9555955562537902 0.3388671875 0.9419236812537902 0.3212890625 0.9292283687537902 0.310546875 0.9214158687537902 0.310546875 0.9136033687537902 0.314453125 0.9087205562537902 0.3193359375 0.9050615541936663 0.33511351614816287 0.9233689937537902 0.36328125 0.9272752437537902 0.365234375 0.9438768062537902 0.3642578125 0.9487596187537902 0.36328125 0.9575486812537902 0.3544921875
0 0.869140625 0.4365234375 0.869140625 0.4228515625 0.8505859375 0.3984375 0.8447265625 0.392578125 0.8310546875 0.390625 0.826171875 0.3955078125 0.8203125 0.4111328125 0.822265625 0.4208984375 0.830078125 0.4345703125 0.8427734375 0.447265625 0.8466796875 0.44921875 0.853515625 0.4482421875 0.8603515625 0.4453125 0.869140625 0.4365234375
0 0.63671875 0.3154296875 0.6171875 0.29003906250000006 0.6025390625 0.27539062500000006 0.5986328125 0.27343750000000006 0.5830078125000001 0.27539062500000006 0.5800781250000001 0.28027343750000006 0.5800781250000001 0.29199218750000006 0.5859375000000001 0.3037109375 0.59765625 0.3212890625 0.6103515625 0.333984375 0.6181640625 0.33984375 0.62109375 0.3388671875 0.63671875 0.3232421875 0.63671875 0.3154296875