0 0.42858267118231946 0.43845252051582645 0.4332720029525422 0.4490035169988276 0.43549357387868526 0.4525216881594372 0.43824034996309325 0.45597889800703395 0.44130248360904867 0.4574724501758499 0.4437362467977942 0.45794372801875727 0.4481324953323781 0.45759437280187565 0.44970224914246015 0.4559449003516998 0.45033061959966997 0.4531160609613129 0.4498593417567626 0.4502086752637749 0.44851233120576606 0.4478311840562719 0.44428607094785283 0.4411277842907385 0.43796133472276494 0.432590855803048 0.4349437497286266 0.4302485345838218 0.4318816160826711 0.43048417350527546 0.42975500412487516 0.43141852286049237 0.42858267118231946 0.4337631887456037 0.42858267118231946 0.43845252051582645
0 0.36836110025617647 0.4169402110199296 0.3699660240545352 0.42321219226260254 0.3746553558247579 0.429073856975381 0.3765228822022491 0.43046893317702223 0.3791559419912292 0.43082063305978896 0.38310553167469935 0.4305568581477139 0.3862649689548868 0.42923915592028133 0.3888112761061179 0.4276576787807737 0.39039040857974033 0.4252860492379835 0.39021455863835697 0.4230890973036342 0.3861782163171378 0.4183458382180539 0.3820527766922843 0.4145674091441969 0.3793446875949807 0.4114888628370457 0.3770000217098693 0.41031652989449 0.37231068993964656 0.41031652989449 0.3699660240545352 0.4114888628370457 0.3687936911119795 0.413833528722157 0.36836110025617647 0.4169402110199296
0 0.3334548868915809 0.41885932004689325 0.3344712995527767 0.4217526377491207 0.335876926750901 0.42277022274325904 0.33829896661022096 0.42308206330597886 0.3413458599279232 0.42300468933177016 0.34423683296426555 0.42269167643610783 0.34626848595371457 0.42198710433763187 0.34775265945899003 0.4201887456037514 0.34728372628196774 0.4115076201641266 0.3458780990838435 0.4083012895662368 0.34376789978724326 0.40689449003517 0.3412684859537145 0.4067373974208675 0.33829896661022096 0.4068159437280187 0.33525207329251877 0.4076764361078546 0.33362370283530896 0.4091441969519343 0.33290857974035 0.41182063305978894 0.3329871260475012 0.41549706916764356 0.3334548868915809 0.41885932004689325
0 0.30903401936520336 0.43062485345838214 0.3097374191307369 0.43304923798358735 0.3113493769267509 0.4349355216881594 0.3137221788024836 0.43578663540445484 0.31684761842733705 0.43594255568581475 0.3195029525422257 0.4355521688159437 0.3221594589900569 0.4345345838218054 0.3230727063523077 0.432590855803048 0.3230727063523077 0.429073856975381 0.32059673917763015 0.42374325908558025 0.3188007251096348 0.42241383352872214 0.31551936520342144 0.4217092614302462 0.3125217098693066 0.42203985932004684 0.3101770439841952 0.42321219226260254 0.30900471104163957 0.42555685814771393 0.30864363249533233 0.4280445486518171 0.30903401936520336 0.43062485345838214
0 0.2820410533628588 0.5087924970691676 0.2832133863054144 0.511137162954279 0.28673038513308147 0.511137162954279 0.2890199513698927 0.5099941383352872 0.2912860709478529 0.5075697538100821 0.2925920498458599 0.5029308323563891 0.29845371455863834 0.4830011723329425 0.2992579349572316 0.47847831184056266 0.29957094785289395 0.4705005861664712 0.29753929486344494 0.4692497069167643 0.2937104554730581 0.46885814771395073 0.2925920498458599 0.47127784290738567 0.28790271807563717 0.4806565064478312 0.2832133863054144 0.49589683470105506 0.28230131127610614 0.501704572098476 0.2820410533628588 0.5087924970691676
0 0.5015475011940428 0.5394572098475967 0.5024384742303851 0.5429378663540445 0.5106459771612174 0.5404454865181711 0.5294033042421084 0.5322391559202813 0.5319496113933394 0.530622508792497 0.5333763405844296 0.5283024618991793 0.5329203030697754 0.5240328253223915 0.5317479701272197 0.5216881594372802 0.5283833745820851 0.5213411488862837 0.5184865398810299 0.5225896834701055 0.511710455473058 0.5248218053927315 0.507520537536364 0.5266060961313012 0.5043106899396466 0.5290164126611957 0.5024396465633276 0.5322391559202813 0.5015475011940428 0.5349953106682297 0.5015475011940428 0.5394572098475967
0 0.54433061959967 0.45004337631887453 0.5446108071729407 0.4471008206330598 0.5426506664929877 0.44415826494724503 0.5307514871260475 0.43252872215709254 0.5300516043593417 0.43533059788980066 0.5306119795058833 0.4392543962485346 0.532151252659459 0.44289800703399756 0.5346717684859537 0.4454196951934349 0.5394712995527767 0.4504279015240328 0.5429308540662585 0.45172567409144193 0.54433061959967 0.45004337631887453
0 0.5540551213581695 0.49397655334114887 0.5508018974425773 0.4893036342321218 0.5452860709478529 0.4833575615474794 0.5452860709478529 0.4863305978898006 0.5462766922843124 0.48887924970691676 0.5478323780990839 0.49284290738569747 0.5495709478528938 0.4969003516998827 0.5549038904085797 0.497232121922626 0.5540551213581695 0.49397655334114887
0 0.0015744648517215982 0.45597889800703395 0.0043212409361295685 0.4525216881594372 0.006542811862272618 0.4490035169988276 0.011232143632495346 0.43845252051582645 0.011232143632495346 0.4337631887456037 0.010059810689939679 0.43141852286049237 0.007933198732143647 0.43048417350527546 0.004871065086188213 0.4302485345838218 0.0018534800920498573 0.432590855803048 0 0.43509262448336444 0 0.4567468414301171 0.0015744648517215982 0.45597889800703395
0 0.06984879076027964 0.4114888628370457 0.06750412487516827 0.41031652989449 0.06281479310494552 0.41031652989449 0.06047012721983415 0.4114888628370457 0.0577620381225305 0.4145674091441969 0.053636598497677046 0.4183458382180539 0.04960025617645786 0.4230890973036342 0.049424406235074485 0.4252860492379835 0.05100353870869699 0.4276576787807737 0.05354984585992794 0.42923915592028133 0.05670928314011551 0.4305568581477139 0.060658872823585626 0.43082063305978896 0.06329193261256572 0.43046893317702223 0.06515945899005691 0.429073856975381 0.06984879076027964 0.42321219226260254 0.07145371455863836 0.4169402110199296 0.07102112370283534 0.413833528722157 0.06984879076027964 0.4114888628370457
0 0.10690623507446485 0.41182063305978894 0.10619111197950588 0.4091441969519343 0.10456274152229605 0.4076764361078546 0.10151584820459382 0.4068159437280187 0.09854632886110026 0.4067373974208675 0.09604691502757154 0.40689449003517 0.0939367157309713 0.4083012895662368 0.09253108853284704 0.4115076201641266 0.09206215535582477 0.4201887456037514 0.09354632886110027 0.42198710433763187 0.09557798185054926 0.42269167643610783 0.09846895488689159 0.42300468933177016 0.10151584820459382 0.42308206330597886 0.10393788806391387 0.42277022274325904 0.10534351526203814 0.4217526377491207 0.10635992792323393 0.41885932004689325 0.10682768876731365 0.41549706916764356 0.10690623507446485 0.41182063305978894
0 0.13081010377317528 0.42555685814771393 0.12963777083061961 0.42321219226260254 0.12729310494550822 0.42203985932004684 0.12429544961139334 0.4217092614302462 0.12101408970517999 0.42241383352872214 0.11921807563718466 0.42374325908558025 0.11674210846250706 0.429073856975381 0.11674210846250706 0.432590855803048 0.11765535582475793 0.4345345838218054 0.12031186227258912 0.4355521688159437 0.12296719638747776 0.43594255568581475 0.12609263601233123 0.43578663540445484 0.12846543788806392 0.4349355216881594 0.130077395684078 0.43304923798358735 0.1307807954496114 0.43062485345838214 0.13117118231948247 0.4280445486518171 0.13081010377317528 0.42555685814771393
0 0.1566014285094004 0.49589683470105506 0.15191209673917763 0.4806565064478312 0.1472227649689549 0.47127784290738567 0.14610435934175678 0.46885814771395073 0.1422755199513699 0.4692497069167643 0.1402438669619209 0.4705005861664712 0.14055687985758325 0.47847831184056266 0.14136110025617646 0.4830011723329425 0.1472227649689549 0.5029308323563891 0.1485287438669619 0.5075697538100821 0.15079486344492207 0.5099941383352872 0.15308442968173333 0.511137162954279 0.1566014285094004 0.511137162954279 0.15777376145195607 0.5087924970691676 0.1575135035387087 0.501704572098476 0.1566014285094004 0.49589683470105506
0 0.9971313229994355 0.49397655334114887 0.9962825539490252 0.497232121922626 1 0.4970008541203781 1 0.48985599603511265 0.9971313229994355 0.49397655334114887