0 0.34765625 0.5107421875 0.3427734375 0.505859375 0.33392857142857146 0.5062500000000001 0.325 0.5098214285714285 0.3120535714285715 0.5200892857142857 0.29508928571428567 0.5357142857142857 0.296875 0.5537109375 0.3056640625 0.5625 0.318359375 0.5634765625 0.34598214285714285 0.5375000000000001 0.34765625 0.5107421875
0 0.3671875 0.4404296875 0.36328125 0.4169921875 0.3492194654304029 0.4069010416666667 0.3241794013278388 0.41629106570512825 0.2890625 0.4423828125 0.287109375 0.4619140625 0.29296875 0.4755859375 0.3017578125 0.484375 0.3203125 0.4892578125 0.35546875 0.4599609375 0.3671875 0.4404296875
0 0.369140625 0.3681640625 0.373046875 0.3583984375 0.375 0.3447265625 0.37109375 0.3369140625 0.34598214285714285 0.3241071428571429 0.2998046875 0.34765625 0.291015625 0.3583984375 0.2890625 0.3681640625 0.296875 0.3896484375 0.3115234375 0.404296875 0.322265625 0.4052734375 0.3564453125 0.380859375 0.369140625 0.3681640625
0 0.361328125 0.2724609375 0.36328125 0.2529296875 0.3544921875 0.240234375 0.3427734375 0.236328125 0.3212890625 0.236328125 0.28169642857142857 0.27098214285714284 0.28750000000000003 0.28348214285714285 0.30624999999999997 0.3080357142857143 0.3142857142857143 0.315625 0.322265625 0.3173828125 0.34765625 0.2958984375 0.361328125 0.2724609375
0 0.765625 0.5615234375 0.77734375 0.5263671875 0.77734375 0.5126953125 0.7734375 0.5048828125 0.7646484375 0.49609375 0.7548828125 0.4921875 0.7412109375 0.4921875 0.732421875 0.4990234375 0.71973030236131 0.5617845003468578 0.7255859375 0.580078125 0.744140625 0.5791015625 0.7556270755464126 0.5737500914085588 0.765625 0.5615234375
0 0.853515625 0.6142578125 0.8495569653807649 0.6012709508504708 0.8435741698499143 0.5905019188949401 0.8291015625 0.587890625 0.8203125 0.5986328125 0.8226343854919377 0.6263986920800428 0.84765625 0.6513671875 0.853515625 0.6435546875 0.853515625 0.6142578125
0 0.876953125 0.6982421875 0.876953125 0.6865234375 0.8609242768893807 0.6802438518576969 0.850753524486935 0.6820386905169521 0.8322068583412985 0.7059698726403539 0.826171875 0.7177734375 0.8405827720844891 0.7376786889538614 0.8515625 0.7451171875 0.8615225564424657 0.7322941729760958 0.876953125 0.6982421875
0 0.837890625 0.7763671875 0.8214378263857676 0.7693875052673685 0.8052842784524713 0.773575462138964 0.7795582576698145 0.8058825580055564 0.7849427736475798 0.8196429877265125 0.7969083647092807 0.8351982561067238 0.80859375 0.8349609375 0.83984375 0.7919921875 0.837890625 0.7763671875
0 0.7958984375 0.833984375 0.7747720212451341 0.8340016970005536 0.7514391186748173 0.8495569653807649 0.7526356777809874 0.8591294382301257 0.7626953125 0.873046875 0.7933186873907706 0.8549414813585301 0.798828125 0.8466796875 0.7958984375 0.833984375
0 0.6072537463813213 0.28358450816231157 0.5966796875 0.2734375 0.5849609375 0.2734375 0.578125 0.2822265625 0.5863139620233446 0.2991397765425227 0.5964847144257904 0.314695044922734 0.6181640625 0.33984375 0.630859375 0.3271484375 0.6323814876108933 0.31529332447581904 0.6072537463813213 0.28358450816231157
0 0.87109375 0.4248046875 0.8531466426992751 0.4038386983324059 0.8441724494029993 0.3954627845892152 0.8322068583412986 0.3918731072707048 0.8203125 0.4052734375 0.8203125 0.4189453125 0.8408203125 0.4453125 0.853515625 0.4462890625 0.8671875 0.4384765625 0.87109375 0.4248046875
0 0.94140625 0.4150390625 0.94140625 0.4052734375 0.9130859375 0.375 0.8994140625 0.375 0.890625 0.3955078125 0.892578125 0.4033203125 0.9111328125 0.42578125 0.921875 0.4287109375 0.9375 0.4208984375 0.94140625 0.4150390625
0 0.955078125 0.3525390625 0.955078125 0.3427734375 0.9306640625 0.3125 0.9150390625 0.310546875 0.904296875 0.3193359375 0.90625 0.3408203125 0.9228515625 0.36328125 0.939453125 0.3642578125 0.951171875 0.3583984375 0.955078125 0.3525390625
0 0.9375 0.2138671875 0.9150390625 0.19140625 0.9033203125 0.189453125 0.900390625 0.1982421875 0.90625 0.2158203125 0.9208984375 0.232421875 0.92578125 0.2314453125 0.9375 0.2216796875 0.9375 0.2138671875