0 0.5975020230314348 0.6207394957983192 0.6018969810146281 0.6253067226890756 0.6064600062247121 0.6290273109243697 0.6105146280734516 0.6303802521008403 0.6150776532835357 0.629873949579832 0.6198108465608466 0.6266596638655463 0.6209936196700903 0.6220924369747899 0.6203171490818549 0.6175252100840337 0.6182898381574852 0.6141407563025211 0.610302443199502 0.6091953781512603 0.6052772331154684 0.6138025210084034 0.5975020230314348 0.6207394957983192
0 0.6828045440398383 0.47075840336134456 0.6917730314347962 0.4817289915966387 0.6984978213507624 0.4869663865546218 0.7037289137877373 0.48946008403361346 0.709957905384376 0.48871218487394963 0.7131953003423591 0.48472268907563026 0.7121995020230314 0.4782394957983193 0.709957905384376 0.47275210084033614 0.7067184095860567 0.46701890756302517 0.700739417989418 0.45729411764705885 0.6895314347961408 0.46477310924369747 0.6828045440398383 0.47075840336134456
0 0.7939263927793341 0.4285210084033614 0.7969158885776534 0.4350042016806723 0.8028948801742919 0.442733193277311 0.8083738717709305 0.44597478991596634 0.8143528633675692 0.44647268907563026 0.8188381574852163 0.4437310924369748 0.8200818549642079 0.4387436974789916 0.8190860566448803 0.43325840336134447 0.8160965608465609 0.4265252100840336 0.8053864768129474 0.4128109243697479 0.7949221910986617 0.42303571428571435 0.7939263927793341 0.4285210084033614
0 0.841615468409586 0.378672268907563 0.842661686896981 0.3814579831932773 0.8458129474011827 0.38677941176470587 0.8500524431995019 0.39265756302521004 0.8536406784936197 0.3937142857142857 0.8574410986616868 0.3930798319327731 0.8584978213507626 0.3886428571428571 0.8557520230314347 0.3825147058823529 0.8494179894179894 0.3736386554621849 0.8460398381574853 0.36898739495798316 0.8429474011826953 0.3707689075630252 0.841754123871771 0.37474789915966383 0.841615468409586 0.378672268907563
0 0.558380174291939 0.5889831932773109 0.555489417989418 0.5848235294117646 0.5524179894179894 0.582109243697479 0.5477184095860567 0.578672268907563 0.5439221910986617 0.5772247899159664 0.539224712107065 0.5770441176470589 0.5341637877373172 0.578310924369748 0.5285608465608466 0.5840987394957983 0.5227772331154684 0.5920588235294117 0.5216742919389978 0.5960588235294118 0.5236805944600063 0.6012857142857143 0.5280188297541238 0.6061701680672269 0.5372352163087457 0.6134054621848739 0.5419347961406784 0.6141281512605041 0.5462730314347961 0.6117773109243698 0.5522352163087457 0.6041785714285715 0.5581995020230315 0.5973046218487396 0.5589221910986617 0.592781512605042 0.558380174291939 0.5889831932773109
0 0.402207905384376 0.3364285714285714 0.39560706504824156 0.345436974789916 0.39770790538437595 0.3499432773109244 0.40340748521630876 0.3505441176470589 0.41000832555244315 0.3460378151260504 0.4172100062247121 0.33792857142857147 0.41481084656084655 0.3202100840336134 0.402207905384376 0.3364285714285714
0 0.3775902583255525 0.2571680672268908 0.3697877373171491 0.2682794117647059 0.3652877373171491 0.27759033613445383 0.36425622471210706 0.2815672268907563 0.3652877373171491 0.28449789915966384 0.36918899782135073 0.28690126050420167 0.37638857765328354 0.2790924369747899 0.3804978213507625 0.2735798319327731 0.3783969810146281 0.26545168067226893 0.3775902583255525 0.2571680672268908
0 0.5951574852163088 0.1918529411764706 0.588302443199502 0.20586344537815127 0.5865020230314347 0.2104453781512605 0.5871595860566449 0.21387184873949577 0.5894453003423592 0.21787394957983194 0.5931805944600063 0.21916176470588233 0.5975335356364768 0.21785504201680672 0.6003003423591659 0.21501470588235294 0.6054410986616868 0.20529201680672265 0.6000146280734516 0.19928781512605043 0.5951574852163088 0.1918529411764706
0 0.5343108465608466 0.07169747899159663 0.5285377373171491 0.06763025210084034 0.5223381574852163 0.07961554621848739 0.5197730314347961 0.08774789915966387 0.5182751322751322 0.09716386554621848 0.5201995020230314 0.10058823529411764 0.5253318549642079 0.10015966386554621 0.5293927793339558 0.09673739495798318 0.5340965608465609 0.09052941176470589 0.5411007625272332 0.07902731092436975 0.540083955804544 0.07683403361344537 0.5343108465608466 0.07169747899159663
0 0.7447037037037036 0.27632983193277305 0.7492331154684096 0.2791638655462185 0.7571595860566448 0.2783151260504202 0.7636700902583256 0.27519747899159663 0.7761280734516028 0.2610273109243697 0.7682016028633676 0.2647121848739496 0.7597079053843759 0.26556302521008407 0.7496175692499222 0.26522268907563024 0.7455524431995021 0.2703802521008403 0.7447037037037036 0.27632983193277305
0 0.9951322751322752 0.3707689075630252 0.9920398381574853 0.36898739495798316 0.9886616868969811 0.3736386554621849 0.9823276532835358 0.3825147058823529 0.9795818549642079 0.3886428571428571 0.9806385776532837 0.3930798319327731 0.9844389978213508 0.3937142857142857 0.9880272331154686 0.39265756302521004 0.9922667289137878 0.38677941176470587 0.9954179894179895 0.3814579831932773 0.9964642079053845 0.378672268907563 0.9963255524431995 0.37474789915966383 0.9951322751322752 0.3707689075630252