0 0.1953125 0.24793836805555555 0.212890625 0.2850477430555556 0.2705078125 0.3504774305555556 0.3115234375 0.3778211805555556 0.31640625 0.3709852430555556 0.31640625 0.3553602430555556 0.310546875 0.3260633680555556 0.29296875 0.2752821180555556 0.275390625 0.24598524305555555 0.2587890625 0.22743055555555555 0.2451171875 0.21961805555555555 0.2314453125 0.21571180555555555 0.2041015625 0.21961805555555555 0.1953125 0.22840711805555555 0.1953125 0.24793836805555555
0 0.6806640625 0.3582899305555556 0.7783203125 0.3055555555555556 0.787109375 0.2967664930555556 0.802734375 0.2655164930555556 0.8046875 0.23621961805555555 0.7939453125 0.22547743055555555 0.7685546875 0.21766493055555555 0.7490234375 0.21961805555555555 0.7314453125 0.22938368055555555 0.703125 0.2655164930555556 0.677734375 0.3299696180555556 0.67578125 0.3573133680555556 0.6806640625 0.3582899305555556
0 0.28125 0.5018446180555556 0.3017578125 0.5184461805555556 0.3408203125 0.5399305555555556 0.4072265625 0.5555555555555556 0.4443359375 0.5555555555555556 0.4580078125 0.5496961805555556 0.466796875 0.5370008680555556 0.4609375 0.5194227430555556 0.4404296875 0.4969618055555556 0.4033203125 0.4696180555555556 0.3564453125 0.4481336805555556 0.3095703125 0.4383680555555556 0.287109375 0.4549696180555556 0.279296875 0.4725477430555556 0.27734375 0.4920789930555556 0.28125 0.5018446180555556
0 0.201171875 0.2577039930555556 0.21875 0.2889539930555556 0.2724609375 0.3504774305555556 0.2919921875 0.3661024305555556 0.3115234375 0.3739149305555556 0.314453125 0.3534071180555556 0.310546875 0.3299696180555556 0.294921875 0.2830946180555556 0.279296875 0.2537977430555556 0.2568359375 0.22743055555555555 0.2412109375 0.21961805555555555 0.2197265625 0.21766493055555555 0.201171875 0.22645399305555555 0.197265625 0.23621961805555555 0.201171875 0.2577039930555556
0 0.6826171875 0.3582899305555556 0.7841796875 0.3016493055555556 0.8046875 0.2616102430555556 0.8046875 0.23426649305555555 0.7861328125 0.22157118055555555 0.7685546875 0.21766493055555555 0.7490234375 0.21961805555555555 0.7314453125 0.22938368055555555 0.701171875 0.2694227430555556 0.677734375 0.3319227430555556 0.67578125 0.3573133680555556 0.6826171875 0.3582899305555556
0 0.2958984375 0.5145399305555556 0.3427734375 0.5399305555555556 0.4111328125 0.5555555555555556 0.4423828125 0.5555555555555556 0.4599609375 0.5477430555555556 0.46484375 0.5409071180555556 0.462890625 0.5233289930555556 0.4345703125 0.4930555555555556 0.3955078125 0.4657118055555556 0.3603515625 0.4500868055555556 0.3310546875 0.4403211805555556 0.3095703125 0.4383680555555556 0.2890625 0.4530164930555556 0.279296875 0.4725477430555556 0.279296875 0.4979383680555556 0.2958984375 0.5145399305555556
0 0.5576171875 0.5321180555555556 0.5927734375 0.5321180555555556 0.6201171875 0.5262586805555556 0.6650390625 0.5125868055555556 0.7158203125 0.4852430555555556 0.734375 0.4686414930555556 0.736328125 0.4491102430555556 0.7265625 0.4256727430555556 0.7119140625 0.4110243055555556 0.7021484375 0.4071180555555556 0.6826171875 0.4090711805555556 0.6142578125 0.4403211805555556 0.5810546875 0.4618055555555556 0.55078125 0.4901258680555556 0.54296875 0.5037977430555556 0.54296875 0.5213758680555556 0.5576171875 0.5321180555555556
0 0.2890625 0.6600477430555556 0.3427734375 0.6883680555555556 0.4501953125 0.6961805555555556 0.4638671875 0.6922743055555556 0.474609375 0.6795789930555556 0.47265625 0.6620008680555556 0.4365234375 0.6258680555555556 0.3974609375 0.6004774305555556 0.3427734375 0.5809461805555556 0.3251953125 0.5789930555555556 0.3076171875 0.5868055555555556 0.287109375 0.6209852430555556 0.28515625 0.6541883680555556 0.2890625 0.6600477430555556
0 0.5419921875 0.6766493055555556 0.5517578125 0.6805555555555556 0.5908203125 0.6805555555555556 0.6455078125 0.6727430555555556 0.6845703125 0.6610243055555556 0.72265625 0.6366102430555556 0.724609375 0.6190321180555556 0.7109375 0.5760633680555556 0.6982421875 0.5633680555555556 0.6669921875 0.5614149305555556 0.5947265625 0.5907118055555556 0.5556640625 0.6200086805555556 0.53515625 0.6444227430555556 0.53125 0.6659071180555556 0.5419921875 0.6766493055555556
0 0.8046875 0.7713758680555556 0.8251953125 0.7821180555555556 0.8486328125 0.7860243055555556 0.9072265625 0.7860243055555556 0.9345703125 0.7821180555555556 0.9619140625 0.7723524305555556 0.970703125 0.7616102430555556 0.970703125 0.7440321180555556 0.962890625 0.7303602430555556 0.9482421875 0.7196180555555556 0.9130859375 0.7176649305555556 0.8583984375 0.7293836805555556 0.806640625 0.7557508680555556 0.802734375 0.7635633680555556 0.8046875 0.7713758680555556
0 0.0380859375 0.8075086805555556 0.0537109375 0.8153211805555556 0.1005859375 0.8231336805555556 0.1787109375 0.8192274305555556 0.1982421875 0.8114149305555556 0.20703125 0.8006727430555556 0.20703125 0.7928602430555556 0.1982421875 0.7821180555555556 0.1630859375 0.7684461805555556 0.1279296875 0.7606336805555556 0.0615234375 0.7586805555555556 0.0478515625 0.7645399305555556 0.033203125 0.7811414930555556 0.03125 0.7967664930555556 0.0380859375 0.8075086805555556
0 0.6240234375 0.7411024305555556 0.6396484375 0.7450086805555556 0.6845703125 0.7430555555555556 0.7744140625 0.7215711805555556 0.802734375 0.7049696180555556 0.806640625 0.6873914930555556 0.796875 0.6639539930555556 0.7783203125 0.6453993055555556 0.7548828125 0.6473524305555556 0.6630859375 0.6766493055555556 0.6298828125 0.6961805555555556 0.611328125 0.7186414930555556 0.611328125 0.7323133680555556 0.6240234375 0.7411024305555556
0 0.365234375 0.7498914930555556 0.365234375 0.7381727430555556 0.3466796875 0.7157118055555556 0.2939453125 0.6883680555555556 0.2568359375 0.6766493055555556 0.2099609375 0.6727430555555556 0.1865234375 0.6825086805555556 0.171875 0.7010633680555556 0.16796875 0.7127821180555556 0.16796875 0.7303602430555556 0.1748046875 0.7391493055555556 0.1943359375 0.7508680555555556 0.2158203125 0.7586805555555556 0.2431640625 0.7606336805555556 0.2646484375 0.7664930555555556 0.330078125 0.7655164930555556 0.3564453125 0.7586805555555556 0.365234375 0.7498914930555556
0 0.1953125 0.007703993055555556 0.2041015625 0.016493055555555556 0.2314453125 0.020399305555555556 0.2451171875 0.016493055555555556 0.2587890625 0.008680555555555556 0.2665558753654971 0 0.1953125 0 0.1953125 0.007703993055555556
0 0.7314453125 0.006727430555555556 0.7490234375 0.016493055555555556 0.7685546875 0.018446180555555556 0.7939453125 0.010633680555555556 0.8045789930555556 0 0.726172461524024 0 0.7314453125 0.006727430555555556
0 0.201171875 0.009657118055555556 0.2197265625 0.018446180555555556 0.2412109375 0.016493055555555556 0.2568359375 0.008680555555555556 0.26423048482510286 0 0.19730902777777778 0 0.201171875 0.009657118055555556
0 0.7314453125 0.006727430555555556 0.7490234375 0.016493055555555556 0.7685546875 0.018446180555555556 0.7861328125 0.014539930555555556 0.8046875 0.0018446180555555555 0.8046875 0 0.7263587186653117 0 0.7314453125 0.006727430555555556
0 0.9619140625 0.9915364583333334 0.9345703125 0.9817708333333334 0.9072265625 0.9778645833333334 0.8486328125 0.9778645833333334 0.8251953125 0.9817708333333334 0.8046875 0.9925130208333334 0.8028157552083334 1 0.9688387784090908 1 0.9619140625 0.9915364583333334
0 0.1630859375 0.9954427083333334 0.1982421875 0.9817708333333334 0.20703125 0.9710286458333334 0.20703125 0.9632161458333334 0.1982421875 0.9524739583333334 0.1787109375 0.9446614583333334 0.1005859375 0.9407552083333334 0.0537109375 0.9485677083333334 0.0380859375 0.9563802083333334 0.03125 0.9671223958333334 0.033203125 0.9827473958333334 0.0478515625 0.9993489583333334 0.049370659722222224 1 0.142578125 1 0.1630859375 0.9954427083333334
0 0.330078125 0.9983723958333334 0.2646484375 0.9973958333333334 0.2550998263888889 1 0.3363560267857143 1 0.330078125 0.9983723958333334