0 0.25781250000000006 0.6461588541666666 0.26367187500000006 0.6363932291666666 0.26367187500000006 0.6266276041666666 0.26171875000000006 0.6207682291666666 0.25683593750000006 0.6158854166666666 0.2529296875 0.6139322916666666 0.2470703125 0.6119791666666666 0.2392578125 0.6139322916666666 0.2294921875 0.6197916666666666 0.21875 0.6305338541666666 0.21484375 0.6383463541666666 0.21484375 0.6520182291666666 0.216796875 0.6559244791666666 0.2255859375 0.6627604166666666 0.23828125 0.6617838541666666 0.2509765625 0.6510416666666666 0.25781250000000006 0.6461588541666666
0 0.26953125000000006 0.7164713541666666 0.27148437500000006 0.7125651041666666 0.27148437500000006 0.6949869791666666 0.26953125000000006 0.6910807291666666 0.26074218750000006 0.6842447916666666 0.25488281250000006 0.6842447916666666 0.2490234375 0.6861979166666666 0.2373046875 0.6920572916666666 0.2236328125 0.6998697916666666 0.216796875 0.7086588541666666 0.216796875 0.7281901041666666 0.21875 0.7320963541666666 0.2275390625 0.7408854166666666 0.23828125 0.7399088541666666 0.25488281250000006 0.7311197916666666 0.26953125000000006 0.7164713541666666
0 0.3251953125 0.7526041666666666 0.33984375 0.7418619791666666 0.345703125 0.7320963541666666 0.345703125 0.7223307291666666 0.3388671875 0.7135416666666666 0.3349609375 0.7115885416666666 0.3212890625 0.7115885416666666 0.3154296875 0.7135416666666666 0.3037109375 0.7194010416666666 0.29199218750000006 0.7272135416666666 0.28515625000000006 0.7320963541666666 0.28515625000000006 0.7438151041666666 0.28710937500000006 0.7496744791666666 0.2978515625 0.7604166666666666 0.3046875 0.7594401041666666 0.3173828125 0.7565104166666666 0.3251953125 0.7526041666666666
0 0.4921875 0.7535807291666666 0.494140625 0.7496744791666666 0.494140625 0.7418619791666666 0.4892578125 0.7350260416666666 0.4853515625 0.7330729166666666 0.4716796875 0.7330729166666666 0.4599609375 0.7389322916666666 0.4453125 0.7535807291666666 0.4453125 0.7633463541666666 0.447265625 0.7672526041666666 0.4521484375 0.7721354166666666 0.4560546875 0.7740885416666666 0.462890625 0.7731119791666666 0.4755859375 0.7682291666666666 0.4921875 0.7535807291666666
0 0.666015625 0.4938151041666667 0.66796875 0.4840494791666667 0.6611328125 0.4733072916666667 0.6533203125 0.4674479166666667 0.6494140625 0.4654947916666667 0.6376953125 0.4615885416666667 0.6337890625 0.4615885416666667 0.6298828125 0.4615885416666667 0.6279296875 0.4615885416666667 0.62109375 0.4684244791666667 0.62109375 0.4801432291666667 0.6262451952886136 0.48987688699360254 0.6357421875 0.4947916666666667 0.6474609375 0.5006510416666666 0.65234375 0.4996744791666667 0.6587203798045503 0.49920346062414034 0.666015625 0.4938151041666667
0 0.7578125 0.5094401041666666 0.7578125 0.5055338541666666 0.744140625 0.4860026041666667 0.7314453125 0.4733072916666667 0.7271211127966312 0.4731905623708903 0.7198660249225483 0.4776811297059776 0.71484375 0.4840494791666667 0.71484375 0.4938151041666667 0.716796875 0.4996744791666667 0.71875 0.5035807291666666 0.72265625 0.5094401041666666 0.7265625 0.5133463541666666 0.7314453125 0.5182291666666666 0.7353515625 0.5201822916666666 0.7471590120981141 0.5215505441547756 0.755450551037835 0.5170599652238855 0.7578125 0.5094401041666666
0 0.8167517414202551 0.5051884268021062 0.8147986164202551 0.49542280180210624 0.8069861164202551 0.47784467680210624 0.7981970539202551 0.46905561430210624 0.7903845539202551 0.46514936430210624 0.7825720539202551 0.46514936430210624 0.7776892414202551 0.47003217680210624 0.7737829914202551 0.47979780180210624 0.7737829914202551 0.49346967680210624 0.7776892414202551 0.5012821768021062 0.7835486164202551 0.5090946768021062 0.7923376789202551 0.5178837393021062 0.8021033039202551 0.5178837393021062 0.8099158039202551 0.5139774893021062 0.8147986164202551 0.5090946768021062 0.8167517414202551 0.5051884268021062
0 0.830078125 0.4117838541666667 0.828125 0.4078776041666667 0.8203125 0.3961588541666667 0.8134765625 0.3893229166666667 0.8055814050659408 0.3820632580930235 0.7958984375 0.3795572916666667 0.7900390625 0.3795572916666667 0.787109375 0.3824869791666667 0.78515625 0.3902994791666667 0.78515625 0.4039713541666667 0.791015625 0.4137369791666667 0.8017578125 0.4244791666666667 0.8056640625 0.4264322916666667 0.8134765625 0.4303385416666667 0.8232421875 0.4283854166666667 0.830078125 0.4215494791666667 0.830078125 0.4117838541666667
0 0.23828125 0.9267578124999999 0.2275390625 0.9257812499999999 0.21875 0.9345703124999999 0.216796875 0.9384765624999999 0.216796875 0.9580078124999999 0.2236328125 0.9667968749999999 0.2373046875 0.9746093749999999 0.2490234375 0.9804687499999999 0.25488281250000006 0.9824218749999999 0.26074218750000006 0.9824218749999999 0.26953125000000006 0.9755859374999999 0.27148437500000006 0.9716796874999999 0.27148437500000006 0.9541015624999999 0.26953125000000006 0.9501953124999999 0.25488281250000006 0.9355468749999999 0.23828125 0.9267578124999999
0 0.3046875 0.9072265625 0.2978515625 0.90625 0.28710937500000006 0.9169921874999999 0.28515625000000006 0.9228515624999999 0.28515625000000006 0.9345703124999999 0.29199218750000006 0.9394531249999999 0.3037109375 0.9472656249999999 0.3154296875 0.9531249999999999 0.3212890625 0.9550781249999999 0.3349609375 0.9550781249999999 0.3388671875 0.9531249999999999 0.345703125 0.9443359374999999 0.345703125 0.9345703124999999 0.33984375 0.9248046874999999 0.3251953125 0.9140624999999999 0.3173828125 0.9101562499999999 0.3046875 0.9072265625
0 0.462890625 0.8935546875 0.4560546875 0.892578125 0.4521484375 0.89453125 0.447265625 0.8994140625 0.4453125 0.9033203125 0.4453125 0.9130859374999999 0.4599609375 0.9277343749999999 0.4716796875 0.9335937499999999 0.4853515625 0.9335937499999999 0.4892578125 0.9316406249999999 0.494140625 0.9248046874999999 0.494140625 0.9169921874999999 0.4921875 0.9130859374999999 0.4755859375 0.8984375 0.462890625 0.8935546875