0 0.32421875 0.5602213541666666 0.328125 0.5445963541666666 0.328125 0.5250651041666666 0.3173828125 0.5123697916666666 0.2978515625 0.5065104166666666 0.28710937500000006 0.5152994791666666 0.27734375000000006 0.5328776041666666 0.27343750000000006 0.5406901041666666 0.26757812500000006 0.5621744791666666 0.27636718750000006 0.5729166666666666 0.28808593750000006 0.5787760416666666 0.3017578125 0.5826822916666666 0.3125 0.5817057291666666 0.318359375 0.5777994791666666 0.32421875 0.5602213541666666
0 0.251953125 0.4977213541666667 0.25781250000000006 0.4840494791666667 0.25781250000000006 0.4606119791666667 0.2470703125 0.4479166666666667 0.2392578125 0.4440104166666667 0.2255859375 0.4440104166666667 0.21875 0.4508463541666667 0.212890625 0.4625651041666667 0.208984375 0.4703776041666667 0.205078125 0.4801432291666667 0.205078125 0.4957682291666667 0.208984375 0.5035807291666666 0.2216796875 0.5123697916666666 0.240234375 0.5113932291666666 0.248046875 0.5055338541666666 0.251953125 0.4977213541666667
0 0.39453125 0.5621744791666666 0.40625 0.5328776041666666 0.40625 0.5192057291666666 0.404296875 0.5152994791666666 0.3935546875 0.5065104166666666 0.3798828125 0.5065104166666666 0.365234375 0.5192057291666666 0.35546875 0.5348307291666666 0.3515625 0.5426432291666666 0.345703125 0.5563151041666666 0.345703125 0.5621744791666666 0.3564453125 0.5709635416666666 0.3701171875 0.5768229166666666 0.3759765625 0.5768229166666666 0.3828125 0.5777994791666666 0.38671875 0.5758463541666666 0.39453125 0.5621744791666666
0 0.5351562500000001 0.4723307291666667 0.5410156250000001 0.4606119791666667 0.5410156250000001 0.4488932291666667 0.5302734375000001 0.4401041666666667 0.5185546875000001 0.4401041666666667 0.5146484375000001 0.4420572916666667 0.498046875 0.4567057291666667 0.482421875 0.4762369791666667 0.482421875 0.4840494791666667 0.4892578125 0.4928385416666667 0.4912109375 0.4928385416666667 0.5009765625 0.5006510416666666 0.5136718750000001 0.4996744791666667 0.5273437500000001 0.4840494791666667 0.5351562500000001 0.4723307291666667
0 0.677734375 0.6461588541666666 0.67578125 0.6422526041666666 0.6689453125 0.6354166666666666 0.6650390625 0.6334635416666666 0.6533203125 0.6295572916666666 0.6298828125 0.6236979166666666 0.6162109375 0.6236979166666666 0.609375 0.6305338541666666 0.607421875 0.6363932291666666 0.607421875 0.6442057291666666 0.6181640625 0.6569010416666666 0.6416015625 0.6686197916666666 0.6572265625 0.6744791666666666 0.662109375 0.6735026041666666 0.677734375 0.6520182291666666 0.677734375 0.6461588541666666
0 0.833984375 0.6871744791666666 0.833984375 0.6832682291666666 0.833984375 0.6754557291666666 0.8291015625 0.6705729166666666 0.7998046875 0.6529947916666666 0.7841796875 0.6451822916666666 0.7763671875 0.6451822916666666 0.7705078125 0.6490885416666666 0.767578125 0.6539713541666666 0.765625 0.6617838541666666 0.767578125 0.6774088541666666 0.771484375 0.6832682291666666 0.7939453125 0.7037760416666666 0.8037109375 0.7096354166666666 0.8125 0.7086588541666666 0.8154296875 0.7076822916666666 0.833984375 0.6871744791666666
0 0.90234375 0.6598307291666666 0.90234375 0.6422526041666666 0.8916015625 0.6295572916666666 0.8623046875 0.6139322916666666 0.8525390625 0.6100260416666666 0.84375 0.6168619791666666 0.83984375 0.6246744791666666 0.837890625 0.6305338541666666 0.837890625 0.6442057291666666 0.845703125 0.6559244791666666 0.8623046875 0.6725260416666666 0.8779296875 0.6803385416666666 0.884765625 0.6793619791666666 0.8984375 0.6676432291666666 0.90234375 0.6598307291666666
0 0.908203125 0.5524088541666666 0.908203125 0.5406901041666666 0.90625 0.5367838541666666 0.900390625 0.5270182291666666 0.8896484375 0.5162760416666666 0.8759765625 0.5084635416666666 0.8701171875 0.5065104166666666 0.8603515625 0.5065104166666666 0.8515625 0.5231119791666666 0.849609375 0.5309244791666666 0.849609375 0.5387369791666666 0.853515625 0.5465494791666666 0.8623046875 0.5572916666666666 0.8779296875 0.5690104166666666 0.8818359375 0.5690104166666666 0.8837890625 0.5709635416666666 0.892578125 0.5699869791666666 0.90234375 0.5621744791666666 0.908203125 0.5524088541666666
0 0.662109375 0.9931640625 0.6572265625 0.9921875 0.6416015625 0.998046875 0.6376953125 1 0.6670809659090908 1 0.662109375 0.9931640625
0 0.8291015625 0.99609375 0.833984375 0.9912109374999999 0.833984375 0.9833984374999999 0.833984375 0.9794921874999999 0.8154296875 0.9589843749999999 0.8125 0.9580078124999999 0.8037109375 0.9570312499999999 0.7939453125 0.9628906249999999 0.771484375 0.9833984374999999 0.767578125 0.9892578124999999 0.7662353515625 1 0.8225911458333334 1 0.8291015625 0.99609375
0 0.8984375 0.9990234375 0.884765625 0.9873046874999999 0.8779296875 0.9863281249999999 0.8623046875 0.994140625 0.8564453125 1 0.89892578125 1 0.8984375 0.9990234375