0 0.2728758169934641 0.46160130718954256 0.2728758169934641 0.4501633986928105 0.2638888888888889 0.4444444444444444 0.2519379844961241 0.44558443532451747 0.2450980392156863 0.4534313725490196 0.23635810913512692 0.4740842073263415 0.23027815777473784 0.5098039215686275 0.2320261437908497 0.5220588235294118 0.24129806961544312 0.5284237726098191 0.2532679738562092 0.5269607843137255 0.26143790849673204 0.5171568627450981 0.2728758169934641 0.46160130718954256
0 0.3186274509803922 0.4665032679738562 0.32189542483660133 0.41911764705882354 0.3179839374119751 0.4066361404147112 0.31535947712418305 0.3962418300653595 0.30637254901960786 0.3888888888888889 0.29330065359477125 0.3888888888888889 0.28666657748012736 0.3921841591847723 0.2826797385620915 0.39950980392156865 0.27929776561787506 0.45090439276485794 0.280437756497948 0.47332421340629277 0.286764705882353 0.47875816993464054 0.303921568627451 0.4795751633986928 0.3115975072199423 0.47826417388660897 0.3186274509803922 0.4665032679738562
0 0.3769569843441253 0.5139838881288951 0.37847697218422255 0.5041039671682627 0.3792369661042712 0.4623043015655875 0.37619699042407667 0.44064447484420133 0.36403708770329846 0.43494452044383647 0.3545371637026904 0.43342453260373914 0.3450115340253749 0.4356016916570549 0.33765859284890426 0.44132064590542097 0.34161726706186357 0.5113239094087247 0.3466455209534794 0.5222029988465975 0.3605344098423683 0.5230199923106498 0.3719723183391003 0.518118031526336 0.3769569843441253 0.5139838881288951
0 0.44607843137254904 0.6266339869281047 0.44573643410852704 0.5896032831737346 0.43954248366013077 0.5661764705882353 0.4320565435476516 0.5580635354917161 0.42075163398692816 0.5588235294117647 0.41077671378628966 0.5611035111719106 0.4084967320261438 0.5710784313725491 0.411764705882353 0.5972222222222222 0.4199346405228759 0.6282679738562092 0.42559659522723825 0.63406292749658 0.43300653594771243 0.6331699346405228 0.4404164766681867 0.6317829457364341 0.44607843137254904 0.6266339869281047
0 0.6740911785543754 0.5049904811198537 0.6760987099212372 0.47367784950656805 0.6752545979632165 0.45356437148502815 0.6691176470588235 0.4509803921568627 0.6556219600661449 0.44838689751490335 0.6403647701996937 0.4552114354098531 0.6383572388328319 0.4696634233778936 0.6356209150326798 0.4861111111111111 0.6342149262805898 0.5067639458884329 0.6356209150326798 0.5253267973856209 0.6446078431372549 0.5343137254901961 0.6601307189542484 0.536764705882353 0.6695546435628515 0.5322237422100623 0.6740911785543754 0.5049904811198537
0 0.7380867892626055 0.4677347557748275 0.7392913134740224 0.44043657724262253 0.738562091503268 0.406045751633987 0.732843137254902 0.39869281045751637 0.7116013071895425 0.39705882352941174 0.7019513594415892 0.39828497486761105 0.6975348066083927 0.40470807688779487 0.6947242950425854 0.4227730483716424 0.69626528566204 0.44305276087727713 0.6993464052287582 0.4746732026143791 0.7035574007089783 0.4845953994200727 0.7132352941176471 0.48692810457516345 0.7271241830065359 0.4861111111111111 0.7352941176470589 0.4795751633986928 0.7380867892626055 0.4677347557748275
0 0.7956999585021898 0.49680478270417405 0.7913416320838546 0.4631048817174455 0.7816854461048682 0.443795429711082 0.7671568627450981 0.4428104575163399 0.7571554802583398 0.44622286524464155 0.7549019607843137 0.4501633986928105 0.7523374373256706 0.46187917431318287 0.7534596448519337 0.4764729581223951 0.758169934640523 0.5040849673202614 0.7631158308309202 0.5225185629386578 0.7736928104575164 0.5294117647058824 0.7859477124183007 0.5302287581699346 0.7957516339869282 0.5204248366013072 0.7956999585021898 0.49680478270417405
0 0.875837483039934 0.7257206678518114 0.875 0.7009803921568628 0.8684640522875817 0.7009803921568628 0.8617848173848999 0.7044441419888211 0.8611111111111112 0.7132352941176471 0.8617848173848999 0.748201521553404 0.8617848173848999 0.7714852604807314 0.8643790849673203 0.7834967320261439 0.8718224203062105 0.7610477255937715 0.875837483039934 0.7257206678518114
0 0.15849673202614378 0.6756535947712418 0.14624183006535948 0.6715686274509804 0.1388888888888889 0.6821895424836603 0.14052287581699346 0.7377450980392157 0.14869281045751634 0.7704248366013071 0.15849673202614378 0.7753267973856209 0.16830065359477128 0.6936274509803921 0.15849673202614378 0.6756535947712418
0 0.5859375000000001 0.6442057291666666 0.5878906250000001 0.6363932291666666 0.5898437500000001 0.6246744791666666 0.5898437500000001 0.5895182291666666 0.5878906250000001 0.5856119791666666 0.5810546875000001 0.5807291666666666 0.5630054670700255 0.5821165287633647 0.5605468750000001 0.5992838541666666 0.5585937500000001 0.6070963541666666 0.5566406250000001 0.6402994791666666 0.5605468750000001 0.6481119791666666 0.5673828125000001 0.6529947916666666 0.5781250000000001 0.6520182291666666 0.5839843750000001 0.6481119791666666 0.5859375000000001 0.6442057291666666
0 0.8643790849673203 0.8831699346405228 0.8617848173848999 0.8951814061859352 0.8617848173848999 0.9184651451132628 0.8611111111111112 0.9534313725490196 0.8617848173848999 0.9622225246778454 0.8684640522875817 0.9656862745098039 0.875 0.9656862745098039 0.875837483039934 0.9409459988148553 0.8718224203062105 0.9056189410728952 0.8643790849673203 0.8831699346405228
0 0.15849673202614378 0.8913398692810458 0.14869281045751634 0.8962418300653595 0.14052287581699346 0.928921568627451 0.1388888888888889 0.9844771241830066 0.14624183006535948 0.9950980392156863 0.15849673202614378 0.9910130718954248 0.16830065359477128 0.9730392156862744 0.15849673202614378 0.8913398692810458