0 0.3741830065359477 0.264161220043573 0.36909539705458344 0.2516542953178892 0.3602941176470588 0.24537037037037038 0.35102766866582563 0.2416181963056953 0.34232026143790856 0.2437363834422658 0.33055091881073334 0.26369761413252196 0.32733889018895374 0.2737337064066143 0.32679738562091504 0.28050108932461876 0.3357843137254902 0.2894880174291939 0.3454912840002489 0.29164036533941684 0.3545751633986928 0.2903050108932462 0.3598607743322186 0.28296691345497177 0.3741830065359477 0.264161220043573
0 0.2872730900132506 0.26425884916535186 0.28718018229043324 0.2576252723311547 0.28084900581319233 0.25060975989924933 0.2716573064734398 0.24700435729847492 0.2615767801695169 0.2461938776815043 0.25515269596945866 0.25502564211699436 0.2430625352316097 0.2805010893246187 0.2451150930481481 0.2879440441817498 0.2487814894799757 0.29112200435729846 0.25519840315507225 0.2934853966315988 0.2626703783688646 0.2935729847494553 0.2708114028918818 0.2903526998589545 0.2872730900132506 0.26425884916535186
0 0.6601307189542484 0.25272331154684097 0.658875976409265 0.23772248437599994 0.6529016931192843 0.22335145817382968 0.6460761188197532 0.220541353145656 0.6348039215686275 0.22086056644880173 0.6268038662195785 0.2241543433995646 0.6225490196078431 0.23148148148148148 0.6207812990754923 0.2406135444319423 0.6225490196078431 0.2494553376906318 0.63041741189733 0.26470016858500467 0.636437908496732 0.26824618736383443 0.6437908496732027 0.26742919389978215 0.6549092244861461 0.2634958407464023 0.6601307189542484 0.25272331154684097
0 0.7712418300653595 0.2429193899782135 0.771013537979688 0.2308964531359297 0.7669985022024636 0.21243003903921473 0.7606209150326798 0.2094226579520697 0.7497337809691507 0.20961992727293952 0.744281045751634 0.21269063180827885 0.7388931439358961 0.2164444786440923 0.7369281045751634 0.22167755991285404 0.7368856395255335 0.23410800751507235 0.7401960784313727 0.24618736383442266 0.7461202352913991 0.25458163467612466 0.7549019607843137 0.25435729847494554 0.7669985022024636 0.2521729789989199 0.7712418300653595 0.2429193899782135
0 0.8713852925311605 0.28103824585190584 0.869281045751634 0.2657952069716776 0.8589386142305168 0.2589588347631807 0.8493025014086792 0.25855739215031326 0.8384618913319236 0.26337471698092574 0.8316362900758933 0.2734108092550181 0.834967320261438 0.28540305010893247 0.8424769271091479 0.29990610256148825 0.8504901960784315 0.30419389978213507 0.8643790849673203 0.3033769063180828 0.8713852925311605 0.2991032173357534 0.8713852925311605 0.28103824585190584
0 0.427734375 0.6219979745370371 0.427734375 0.6141854745370371 0.42578125 0.6083260995370371 0.4189453125 0.6014901620370371 0.4111328125 0.5975839120370371 0.39928216566415836 0.5929417402232824 0.37109375 0.6180917245370371 0.369140625 0.6219979745370371 0.369140625 0.6298104745370371 0.37890625 0.6493417245370371 0.3837890625 0.6542245370370371 0.388671875 0.6532479745370371 0.4091796875 0.6425057870370371 0.427734375 0.6219979745370371
0 0.5615234375000001 0.6112557870370371 0.5517578125000001 0.6053964120370371 0.5458984375000001 0.6034432870370371 0.5322265625000001 0.5995370370370371 0.5302734375000001 0.5995370370370371 0.5214843750000001 0.6063729745370371 0.5214843750000001 0.6083260995370371 0.5195312500000001 0.6102792245370371 0.5195312500000001 0.6161385995370371 0.5244140625000001 0.6229745370370371 0.5311740709025652 0.6263431170524174 0.5361328125000001 0.6307870370370371 0.5537109375000001 0.6385995370370371 0.5576171875000001 0.6425057870370371 0.5654296875000001 0.6464120370370371 0.5703125000000001 0.6454354745370371 0.5703125000000001 0.6200448495370371 0.5615234375000001 0.6112557870370371
0 0.4375 0.36027922453703703 0.4453125 0.35051359953703703 0.44140625 0.34074797453703703 0.4345703125 0.33391203703703703 0.4306640625 0.33195891203703703 0.4267578125 0.33195891203703703 0.4150390625 0.33781828703703703 0.4096885965807829 0.34403073611981405 0.4048705536481136 0.3500523887890289 0.4020600151258069 0.3572783827730492 0.400390625 0.36223234953703703 0.4052734375 0.36906828703703703 0.4130859375 0.37297453703703703 0.423828125 0.37199797453703703 0.4306640625 0.36906828703703703 0.4375 0.36027922453703703
0 0.08984375 0.31340422453703703 0.09375 0.30559172453703703 0.09375 0.29387297453703703 0.0908203125 0.29094328703703703 0.08484673900835114 0.28605883741375837 0.0751953125 0.28508391203703703 0.07031250000000001 0.28996672453703703 0.06835937500000001 0.29777922453703703 0.06445312500000001 0.31340422453703703 0.06738281250000001 0.31828703703703703 0.07324218750000001 0.32024016203703703 0.08203125 0.31926359953703703 0.0849609375 0.31828703703703703 0.08984375 0.31340422453703703
0 0.5793505436010534 0.33287035481351107 0.584787382155445 0.3267287449885068 0.586740507155445 0.3169631199885068 0.584787382155445 0.3071974949885068 0.579904569655445 0.3023146824885068 0.572092069655445 0.2984084324885068 0.560373319655445 0.2984084324885068 0.554513944655445 0.3023146824885068 0.549631132155445 0.3091506199885068 0.5496391979800955 0.32122847861174586 0.5528512266018749 0.333673240039246 0.5600783179573781 0.3396948927084608 0.574045194655445 0.3355178074885068 0.5793505436010534 0.33287035481351107
0 0.3545751633986928 0.03376906318082788 0.3454912840002489 0.03243370873465726 0.3357843137254902 0.03458605664488017 0.32679738562091504 0.04357298474945533 0.32733889018895374 0.05034036766745978 0.33055091881073334 0.06037645994155215 0.34232026143790856 0.08033769063180828 0.35102766866582563 0.08245587776837879 0.3602941176470588 0.0787037037037037 0.36909539705458344 0.07241977875618487 0.3741830065359477 0.05991285403050109 0.3598607743322186 0.04110716061910228 0.3545751633986928 0.03376906318082788
0 0.2626703783688646 0.030501089324618744 0.25519840315507225 0.030588677442475287 0.2487814894799757 0.03295206971677561 0.2451150930481481 0.036130029892324285 0.2430625352316097 0.04357298474945535 0.25515269596945866 0.06904843195707971 0.2615767801695169 0.07788019639256974 0.2716573064734398 0.07706971677559915 0.28084900581319233 0.07346431417482477 0.28718018229043324 0.0664488017429194 0.2872730900132506 0.05981522490872225 0.2708114028918818 0.03372137421511955 0.2626703783688646 0.030501089324618744
0 0.6437908496732027 0.05664488017429194 0.636437908496732 0.05582788671023965 0.63041741189733 0.059373905489069415 0.6225490196078431 0.07461873638344227 0.6207812990754923 0.08346052964213176 0.6225490196078431 0.09259259259259259 0.6268038662195785 0.09991973067450949 0.6348039215686275 0.10321350762527233 0.6460761188197532 0.10353272092841807 0.6529016931192843 0.1007226159002444 0.658875976409265 0.08635158969807412 0.6601307189542484 0.0713507625272331 0.6549092244861461 0.06057823332767175 0.6437908496732027 0.05664488017429194
0 0.7549019607843137 0.06971677559912853 0.7461202352913991 0.06949243939794944 0.7401960784313727 0.07788671023965141 0.7368856395255335 0.08996606655900169 0.7369281045751634 0.10239651416122005 0.7388931439358961 0.10762959542998177 0.744281045751634 0.1113834422657952 0.7497337809691507 0.11445414680113455 0.7606209150326798 0.11465141612200436 0.7669985022024636 0.11164403503485934 0.771013537979688 0.09317762093814436 0.7712418300653595 0.08115468409586056 0.7669985022024636 0.07190109507515416 0.7549019607843137 0.06971677559912853
0 0.8643790849673203 0.02069716775599128 0.8504901960784315 0.019880174291938994 0.8424769271091479 0.02416797151258581 0.834967320261438 0.038671023965141604 0.8316362900758933 0.05066326481905595 0.8384618913319236 0.06069935709314831 0.8493025014086792 0.0655166819237608 0.8589386142305168 0.06511523931089337 0.869281045751634 0.058278867102396506 0.8713852925311605 0.043035828222168254 0.8713852925311605 0.02497085673832071 0.8643790849673203 0.02069716775599128
0 0.08203125 0.004810474537037037 0.07324218750000001 0.003833912037037037 0.06738281250000001 0.005787037037037037 0.06445312500000001 0.010669849537037037 0.06835937500000001 0.02629484953703702 0.07031250000000001 0.03410734953703702 0.0751953125 0.038990162037037035 0.08484673900835114 0.03801523666031569 0.0908203125 0.03313078703703702 0.09375 0.03020109953703702 0.09375 0.01848234953703702 0.08984375 0.010669849537037037 0.0849609375 0.005787037037037037 0.08203125 0.004810474537037037
0 0.5496391979800955 0.00284559546232823 0.549631132155445 0.014923454085567242 0.554513944655445 0.02175939158556724 0.560373319655445 0.02566564158556724 0.572092069655445 0.02566564158556724 0.579904569655445 0.02175939158556724 0.584787382155445 0.01687657908556724 0.586740507155445 0.007110954085567241 0.5853183163383315 0 0.5503736543314086 0 0.5496391979800955 0.00284559546232823