0 0.3594771241830066 0.5629084967320261 0.3496732026143791 0.536764705882353 0.3259803921568627 0.5245098039215687 0.3300653594771242 0.5759803921568628 0.3357843137254902 0.5882352941176471 0.34477124183006536 0.5890522875816994 0.3594771241830066 0.5825163398692811 0.3594771241830066 0.5629084967320261
0 0.38398692810457513 0.28022875816993464 0.375 0.2679738562091503 0.3570261437908497 0.26960784313725494 0.3496732026143791 0.2818627450980392 0.36274509803921573 0.32107843137254904 0.37173202614379086 0.32843137254901966 0.3888888888888889 0.3276143790849673 0.39705882352941174 0.3161764705882353 0.38398692810457513 0.28022875816993464
0 0.4297385620915033 0.30800653594771243 0.4117647058823529 0.27532679738562094 0.39950980392156865 0.2679738562091503 0.38643790849673204 0.2728758169934641 0.3823529411764706 0.28022875816993464 0.3921568627450981 0.28839869281045755 0.40522875816993464 0.32271241830065356 0.42483660130718953 0.3259803921568628 0.43137254901960786 0.3194444444444444 0.4297385620915033 0.30800653594771243
0 0.47875816993464054 0.33415032679738566 0.45996732026143794 0.3120915032679739 0.4494224342826035 0.3090845328511826 0.44199346405228757 0.3104575163398693 0.43627450980392163 0.3194444444444444 0.45588235294117646 0.3504901960784314 0.4705882352941177 0.3553921568627451 0.48366013071895425 0.3472222222222222 0.47875816993464054 0.33415032679738566
0 0.5950520169005088 0.3729490866773913 0.5882352941176471 0.3553921568627451 0.5759803921568628 0.34313725490196084 0.56781045751634 0.34313725490196084 0.5573736620967176 0.3486936619756495 0.5571895424836601 0.35375816993464054 0.5718954248366013 0.3831699346405229 0.5833333333333334 0.3880718954248366 0.5920808904253627 0.38433670870369885 0.5950520169005088 0.3729490866773913
0 0.5932687054371933 0.29863094742045615 0.5947712418300655 0.2818627450980392 0.5857843137254902 0.2728758169934641 0.5751633986928104 0.2769607843137255 0.565359477124183 0.3112745098039216 0.56781045751634 0.32026143790849676 0.5800653594771242 0.3243464052287582 0.5893072034703318 0.3100185694467637 0.5932687054371933 0.29863094742045615
0 0.573529411764706 0.25245098039215685 0.5612745098039216 0.24183006535947715 0.5487016753246065 0.2471390920241371 0.5457516339869282 0.25245098039215685 0.5408496732026143 0.2916666666666667 0.5637254901960784 0.3047385620915033 0.573529411764706 0.28022875816993464 0.573529411764706 0.25245098039215685
0 0.559640522875817 0.18300653594771243 0.5465686274509804 0.1797385620915033 0.5375816993464052 0.1854575163398693 0.5375816993464052 0.21650326797385622 0.548202614379085 0.2320261437908497 0.565359477124183 0.2377450980392157 0.565359477124183 0.19362745098039216 0.559640522875817 0.18300653594771243
0 0.5155228758169935 0.06862745098039216 0.4991830065359477 0.06535947712418301 0.49509803921568635 0.07107843137254902 0.5220588235294118 0.08986928104575165 0.5457516339869282 0.09395424836601309 0.536764705882353 0.0784313725490196 0.5155228758169935 0.06862745098039216
0 0.3496732026143791 0.1527777777777778 0.3496732026143791 0.14133986928104575 0.3463823086849942 0.13340487394857095 0.33741830065359474 0.13071895424836602 0.3104575163398693 0.18218954248366015 0.3112745098039216 0.18790849673202617 0.3316993464052288 0.18709150326797386 0.3473726841767096 0.16608240235988406 0.3496732026143791 0.1527777777777778
0 0.0032679738562091387 0.5759803921568628 0.007352941176470579 0.5245098039215687 0 0.5283130493576741 0 0.582983193277311 0.0032679738562091387 0.5759803921568628
0 0.0016339869281045694 0.18709150326797386 0.022058823529411752 0.18790849673202617 0.022875816993464037 0.18218954248366015 0 0.1385175282234106 0 0.18490124891656745 0.0016339869281045694 0.18709150326797386