0 0.5876544624613592 0.6022238835859821 0.5944903999613593 0.5953879460859821 0.5964435249613593 0.5914816960859821 0.5964435249613593 0.5797629460859821 0.5896075874613592 0.5709738835859821 0.5857013374613592 0.5690207585859821 0.5700763374613592 0.5690207585859821 0.5583575874613592 0.5709738835859821 0.5505450874613592 0.5729270085859821 0.5407794624613592 0.5748801335859821 0.5329669624613592 0.5787863835859821 0.5280841499613592 0.5836691960859821 0.5261310249613592 0.5875754460859821 0.5378497749613592 0.6012473210859821 0.5417560249613592 0.6110129460859821 0.5485919624613592 0.6178488835859821 0.5524982124613592 0.6198020085859821 0.5554278999613592 0.6188254460859821 0.5681232124613592 0.6158957585859821 0.5876544624613592 0.6022238835859821
0 0.3193359375 0.5027488425925926 0.330078125 0.4939597800925926 0.333984375 0.4802879050925926 0.333984375 0.4724754050925926 0.3271484375 0.4597800925925926 0.3173828125 0.4558738425925926 0.2978515625 0.4578269675925926 0.28222656250000006 0.4636863425925926 0.26464843750000006 0.4734519675925926 0.251953125 0.4841941550925926 0.251953125 0.4920066550925926 0.25781250000000006 0.5056785300925926 0.26757812500000006 0.5213035300925926 0.27246093750000006 0.5261863425925926 0.27734375000000006 0.5252097800925926 0.3017578125 0.5105613425925926 0.3193359375 0.5027488425925926
0 0.3017578125 0.5847800925925926 0.32421875 0.5642722800925926 0.328125 0.5486472800925926 0.32421875 0.5388816550925926 0.3193359375 0.5339988425925926 0.3115234375 0.5300925925925926 0.28808593750000006 0.5300925925925926 0.25683593750000006 0.5398582175925926 0.2353515625 0.5496238425925926 0.23046875 0.5545066550925926 0.228515625 0.5584129050925926 0.23046875 0.5662254050925926 0.244140625 0.5916160300925926 0.2509765625 0.6004050925925926 0.25976562500000006 0.6013816550925926 0.27050781250000006 0.6004050925925926 0.3017578125 0.5847800925925926
0 0.23046875 0.5701316550925926 0.2265625 0.5584129050925926 0.228515625 0.5545066550925926 0.2353515625 0.5476707175925926 0.2431640625 0.5457175925925926 0.248046875 0.5408347800925926 0.248046875 0.5388816550925926 0.2392578125 0.5300925925925926 0.2255859375 0.5300925925925926 0.2060546875 0.5398582175925926 0.1875 0.5584129050925926 0.1875 0.5623191550925926 0.1904296875 0.5652488425925926 0.1962890625 0.5652488425925926 0.2080078125 0.5711082175925926 0.2158203125 0.5769675925925926 0.22265625 0.5759910300925926 0.2255859375 0.5750144675925926 0.23046875 0.5701316550925926
0 0.4189453125 0.5906394675925926 0.4306640625 0.5828269675925926 0.4375 0.5759910300925926 0.44140625 0.5681785300925926 0.44140625 0.5525535300925926 0.4306640625 0.5437644675925926 0.4176608167138291 0.540419390188471 0.4052734375 0.5418113425925926 0.3505859375 0.5632957175925926 0.345703125 0.5681785300925926 0.345703125 0.5720847800925926 0.353515625 0.5798972800925926 0.359375 0.5896629050925926 0.359375 0.5935691550925926 0.3671875 0.6033347800925926 0.3740234375 0.6082175925925926 0.376953125 0.6072410300925926 0.3857421875 0.6062644675925926 0.4189453125 0.5906394675925926
0 0.251953125 0.6541160300925926 0.251953125 0.6404441550925926 0.2451171875 0.6336082175925926 0.2353515625 0.6297019675925926 0.2197265625 0.6297019675925926 0.2099609375 0.6336082175925926 0.171875 0.6658347800925926 0.1728515625 0.6707175925925926 0.1845703125 0.6726707175925926 0.2119140625 0.6882957175925926 0.22265625 0.6873191550925926 0.2421875 0.6697410300925926 0.251953125 0.6541160300925926
0 0.2509765625 0.7488425925925926 0.27343750000000006 0.7244285300925926 0.27539062500000006 0.7205222800925926 0.27539062500000006 0.7048972800925926 0.27050781250000006 0.7000144675925926 0.26660156250000006 0.6980613425925926 0.2470703125 0.6980613425925926 0.2412109375 0.7000144675925926 0.2255859375 0.7078269675925926 0.1982421875 0.7273582175925926 0.189453125 0.7361472800925926 0.1904296875 0.7410300925925926 0.2060546875 0.7429832175925926 0.2177734375 0.7468894675925926 0.2294921875 0.7547019675925926 0.23828125 0.7556785300925926 0.2431640625 0.7547019675925926 0.2509765625 0.7488425925925926
0 0.39487674142025503 0.7107566550925926 0.3984675524713399 0.7033647220403176 0.39878299142025503 0.6951316550925926 0.38999392892025503 0.6882957175925926 0.36850955392025503 0.6882957175925926 0.36069705392025503 0.6902488425925926 0.34897830392025503 0.6961082175925926 0.31479861642025503 0.7244285300925926 0.31479861642025503 0.7283347800925926 0.32358767892025503 0.7332175925925926 0.32944705392025503 0.7332175925925926 0.33921267892025503 0.7371238425925926 0.34897830392025503 0.7390769675925926 0.36362674142025503 0.7381004050925926 0.37046267892025503 0.7351707175925926 0.39487674142025503 0.7107566550925926
0 0.91796875 0.6404441550925926 0.904296875 0.6072410300925926 0.900390625 0.6013816550925926 0.8954209541641354 0.5921412668896258 0.8837890625 0.5867332175925926 0.8798828125 0.5847800925925926 0.8681640625 0.5847800925925926 0.865234375 0.5877097800925926 0.865234375 0.5974754050925926 0.87109375 0.6052879050925926 0.873046875 0.6111472800925926 0.8837890625 0.6238425925925926 0.8955078125 0.6297019675925926 0.908203125 0.6423972800925926 0.9140625 0.6502097800925926 0.916015625 0.6619285300925926 0.91796875 0.6619285300925926 0.919921875 0.6580222800925926 0.91796875 0.6404441550925926
0 0.22265625 0.9986830235566448 0.2119140625 0.9977064610566448 0.2079003693491284 1 0.22411955715928358 1 0.22265625 0.9986830235566448
0 0.23828125 0.930323648556645 0.2294921875 0.931300211056645 0.2177734375 0.9391127110566448 0.2060546875 0.9430189610566448 0.1904296875 0.9449720860566448 0.189453125 0.9498548985566448 0.1982421875 0.9586439610566448 0.2255859375 0.9781752110566448 0.2412109375 0.9859877110566448 0.2470703125 0.9879408360566448 0.26660156250000006 0.9879408360566448 0.27050781250000006 0.9859877110566448 0.27539062500000006 0.9811048985566448 0.27539062500000006 0.9654798985566448 0.27343750000000006 0.9615736485566448 0.2509765625 0.937159586056645 0.2431640625 0.931300211056645 0.23828125 0.930323648556645
0 0.36362674142025503 0.9479017735566448 0.34897830392025503 0.9469252110566448 0.33921267892025503 0.9488783360566448 0.32944705392025503 0.9527845860566448 0.32358767892025503 0.9527845860566448 0.31479861642025503 0.9576673985566448 0.31479861642025503 0.9615736485566448 0.34897830392025503 0.9898939610566448 0.36069705392025503 0.9957533360566448 0.36850955392025503 0.9977064610566448 0.38999392892025503 0.9977064610566448 0.39878299142025503 0.9908705235566448 0.3984675524713399 0.9826374566089199 0.39487674142025503 0.9752455235566448 0.37046267892025503 0.9508314610566448 0.36362674142025503 0.9479017735566448