0 0.26143790849673204 0.5400326797385622 0.25571895424836605 0.5310457516339869 0.24754901960784317 0.5310457516339869 0.24346405228758172 0.536764705882353 0.2450980392156863 0.5383986928104575 0.2450980392156863 0.5449346405228759 0.24673202614379086 0.5465686274509804 0.24673202614379086 0.5498366013071896 0.24918300653594774 0.5522875816993464 0.25245098039215685 0.5522875816993464 0.2540849673202614 0.553921568627451 0.25653594771241833 0.5531045751633987 0.26143790849673204 0.5498366013071896 0.26143790849673204 0.5400326797385622
0 0.30718954248366015 0.579248366013072 0.3055555555555556 0.5694444444444444 0.29983660130718953 0.5620915032679739 0.2900326797385621 0.5620915032679739 0.28594771241830064 0.5661764705882353 0.28594771241830064 0.5743464052287582 0.28758169934640526 0.5759803921568628 0.28758169934640526 0.5808823529411765 0.2916666666666667 0.5849673202614379 0.2949346405228758 0.5866013071895425 0.2973856209150327 0.5857843137254902 0.3055555555555556 0.5825163398692811 0.30718954248366015 0.579248366013072
0 0.3333333333333333 0.5825163398692811 0.3316993464052288 0.5808823529411765 0.3316993464052288 0.5776143790849674 0.3259803921568628 0.573529411764706 0.3178104575163399 0.573529411764706 0.31535947712418305 0.5759803921568628 0.31535947712418305 0.5890522875816994 0.31699346405228757 0.5906862745098039 0.31699346405228757 0.5939542483660132 0.32107843137254904 0.5964052287581699 0.3243464052287582 0.5964052287581699 0.3259803921568628 0.5980392156862746 0.32679738562091504 0.5972222222222222 0.3333333333333333 0.5923202614379085 0.3333333333333333 0.5825163398692811
0 0.35784313725490197 0.5743464052287582 0.35784313725490197 0.5645424836601308 0.352124183006536 0.5571895424836601 0.3455882352941177 0.5555555555555556 0.34232026143790856 0.5571895424836601 0.3382352941176471 0.5629084967320261 0.3382352941176471 0.5710784313725491 0.3398692810457517 0.5727124183006537 0.3398692810457517 0.5759803921568628 0.3455882352941177 0.5816993464052288 0.3513071895424837 0.5808823529411765 0.35375816993464054 0.5800653594771242 0.35784313725490197 0.5743464052287582
0 0.4084967320261438 0.44689542483660133 0.40522875816993464 0.44035947712418305 0.3962418300653595 0.43137254901960786 0.3929738562091504 0.43137254901960786 0.38562091503267976 0.43709150326797386 0.38562091503267976 0.44199346405228757 0.3962418300653595 0.45588235294117646 0.39950980392156865 0.4575163398692811 0.40522875816993464 0.4566993464052288 0.4101307189542484 0.4534313725490196 0.4084967320261438 0.44689542483660133
0 0.4019607843137255 0.38480392156862747 0.40359477124183013 0.3831699346405229 0.40359477124183013 0.37990196078431376 0.40522875816993464 0.3782679738562092 0.40522875816993464 0.375 0.4011437908496732 0.3709150326797386 0.3978758169934641 0.3709150326797386 0.3962418300653595 0.369281045751634 0.3946078431372549 0.3709150326797386 0.39133986928104575 0.3709150326797386 0.3872549019607843 0.375 0.38562091503267976 0.3815359477124183 0.3839869281045752 0.3831699346405229 0.38562091503267976 0.38480392156862747 0.38562091503267976 0.38970588235294124 0.38970588235294124 0.3937908496732026 0.3929738562091504 0.3954248366013072 0.39542483660130723 0.39460784313725494 0.400326797385621 0.39133986928104575 0.4019607843137255 0.38480392156862747
0 0.4215686274509804 0.40441176470588236 0.4215686274509804 0.4011437908496732 0.4158496732026144 0.3937908496732026 0.4076797385620915 0.3937908496732026 0.4019607843137255 0.39950980392156865 0.4019607843137255 0.4027777777777778 0.400326797385621 0.40441176470588236 0.400326797385621 0.41094771241830064 0.406045751633987 0.4166666666666667 0.41339869281045755 0.4158496732026144 0.4166666666666667 0.4142156862745098 0.4215686274509804 0.40441176470588236
0 0.4509803921568628 0.3929738562091503 0.44526143790849676 0.3888888888888889 0.4387254901960784 0.3888888888888889 0.43137254901960786 0.3962418300653595 0.4281045751633987 0.40441176470588236 0.4338235294117648 0.4117647058823529 0.4444444444444444 0.41094771241830064 0.4493464052287582 0.4027777777777778 0.4509803921568628 0.3929738562091503
0 0.49509803921568635 0.3831699346405229 0.49673202614379086 0.3815359477124183 0.49673202614379086 0.3766339869281046 0.49101307189542487 0.37254901960784315 0.4861111111111111 0.37254901960784315 0.4803921568627451 0.3782679738562092 0.4803921568627451 0.37990196078431376 0.4754901960784314 0.38643790849673204 0.477124183006536 0.38970588235294124 0.48284313725490197 0.3937908496732026 0.48692810457516345 0.3929738562091503 0.49509803921568635 0.38643790849673204 0.49509803921568635 0.3831699346405229
0 0.3828125 0.23795572916666666 0.3798828125 0.23502604166666666 0.3759765625 0.23502604166666666 0.3740234375 0.23697916666666666 0.3720703125 0.23697916666666666 0.37109375 0.23990885416666666 0.3681640625 0.24088541666666666 0.361328125 0.24772135416666666 0.361328125 0.24967447916666666 0.359375 0.2516276041666667 0.359375 0.2535807291666667 0.3623046875 0.2565104166666667 0.3701171875 0.2565104166666667 0.37109375 0.2555338541666667 0.3828125 0.24381510416666666 0.3828125 0.23795572916666666
0 0.37109375 0.07779947916666667 0.3701171875 0.07682291666666667 0.3623046875 0.07682291666666667 0.359375 0.07975260416666667 0.359375 0.08170572916666667 0.361328125 0.08365885416666667 0.361328125 0.08561197916666667 0.3681640625 0.09244791666666667 0.37109375 0.09342447916666667 0.3720703125 0.09635416666666667 0.3740234375 0.09635416666666667 0.3759765625 0.09830729166666667 0.3798828125 0.09830729166666667 0.3828125 0.09537760416666667 0.3828125 0.08951822916666667 0.37109375 0.07779947916666667