0 0.667483660130719 0.6519607843137254 0.6282679738562092 0.6356209150326798 0.6070261437908497 0.6356209150326798 0.6013071895424837 0.6413398692810458 0.5996732026143791 0.6511437908496732 0.6102941176470589 0.6683006535947713 0.6233660130718954 0.6764705882352942 0.6470588235294118 0.678921568627451 0.6699346405228759 0.6658496732026143 0.667483660130719 0.6519607843137254
0 0.746732026143791 0.6348039215686275 0.72140522875817 0.6209150326797386 0.6936274509803922 0.6192810457516339 0.6862745098039217 0.6397058823529412 0.6879084967320261 0.6560457516339869 0.7083333333333334 0.6715686274509804 0.7238562091503269 0.6723856209150327 0.75 0.6544117647058825 0.746732026143791 0.6348039215686275
0 0.47385620915032683 0.6070261437908497 0.46813725490196084 0.5980392156862746 0.4485294117647059 0.5980392156862746 0.423202614379085 0.625 0.43218954248366015 0.6421568627450981 0.44607843137254904 0.6446078431372549 0.4705882352941177 0.621732026143791 0.47385620915032683 0.6070261437908497
0 0.369281045751634 0.6462418300653595 0.36601307189542487 0.6266339869281047 0.35375816993464054 0.6176470588235295 0.33660130718954256 0.6315359477124184 0.32026143790849676 0.6593137254901962 0.3276143790849673 0.6764705882352942 0.34640522875817 0.6805555555555556 0.35620915032679745 0.6740196078431373 0.369281045751634 0.6462418300653595
0 0.3120915032679739 0.6233660130718954 0.2949346405228758 0.6062091503267973 0.28349673202614384 0.6062091503267973 0.2647058823529412 0.6282679738562092 0.26143790849673204 0.6511437908496732 0.2769607843137255 0.6699346405228759 0.29411764705882354 0.6723856209150327 0.3120915032679739 0.6397058823529412 0.3120915032679739 0.6233660130718954
0 0.27450980392156865 0.5285947712418301 0.26062091503267976 0.5065359477124184 0.24428104575163398 0.5049019607843137 0.23529411764705885 0.5220588235294118 0.2320261437908497 0.5547385620915033 0.23937908496732027 0.565359477124183 0.25653594771241833 0.5694444444444444 0.2630718954248366 0.5661764705882353 0.27450980392156865 0.5285947712418301
0 0.4139690726122376 0.2965580585483632 0.4263189944052054 0.2981682194983661 0.4263189944052054 0.28475034807532196 0.415042964605938 0.27401603046283973 0.39195391804419943 0.2804566128407103 0.3758452923405735 0.28797061879021024 0.3712393074575875 0.3130954805706261 0.3919539180441994 0.30085179378297483 0.4139690726122376 0.2965580585483632
0 0.712220749206663 0.5753963910887278 0.6875208646543741 0.5657355482329923 0.6740970099013525 0.5829104072752512 0.72140522875817 0.6143790849673203 0.7320261437908497 0.6151960784313725 0.738562091503268 0.5939542483660132 0.712220749206663 0.5753963910887278
0 0.6470588235294118 0.9877450980392156 0.6233660130718954 0.9901960784313725 0.6102941176470589 0.9983660130718954 0.6092826019296609 1 0.6685049019607845 1 0.6470588235294118 0.9877450980392156
0 0.7238562091503269 0.9942810457516339 0.7083333333333334 0.9950980392156863 0.7018833849329205 1 0.7321746880570411 1 0.7238562091503269 0.9942810457516339
0 0.35620915032679745 0.9926470588235294 0.34640522875817 0.9861111111111109 0.3276143790849673 0.9901960784313725 0.32341269841269843 1 0.3596693579392542 1 0.35620915032679745 0.9926470588235294
0 0.29411764705882354 0.9942810457516339 0.2769607843137255 0.9967320261437908 0.27426115373685706 1 0.2972630718954249 1 0.29411764705882354 0.9942810457516339
0 0.3712393074575875 0.020237852762707235 0.3758452923405735 0.04536271454312306 0.39195391804419943 0.05287672049262305 0.415042964605938 0.059317302870493624 0.4263189944052054 0.04858298525801135 0.4263189944052054 0.03516511383496726 0.4139690726122376 0.03677527478497012 0.3919539180441994 0.03248153955035846 0.3712393074575875 0.020237852762707235