0 0.81781045751634 0.6797385620915032 0.7982026143790851 0.6764705882352942 0.7859477124183007 0.690359477124183 0.7859477124183007 0.7050653594771242 0.803921568627451 0.7312091503267973 0.823529411764706 0.744281045751634 0.8611111111111112 0.7165032679738561 0.81781045751634 0.6797385620915032
0 0.28594771241830064 0.6985294117647058 0.2687908496732026 0.6879084967320261 0.23937908496732027 0.6911764705882354 0.2173202614379085 0.7279411764705883 0.22794117647058826 0.746732026143791 0.25653594771241833 0.7573529411764706 0.28921568627450983 0.7214052287581699 0.28594771241830064 0.6985294117647058
0 0.3235294117647059 0.7475490196078433 0.30637254901960786 0.7369281045751634 0.27532679738562094 0.7434640522875817 0.25 0.7720588235294118 0.2508169934640523 0.7794117647058825 0.27205882352941174 0.7810457516339869 0.29575163398692816 0.7982026143790849 0.32679738562091504 0.7655228758169935 0.3235294117647059 0.7475490196078433
0 0.42647058823529416 0.7655228758169935 0.4215686274509804 0.744281045751634 0.41258169934640526 0.738562091503268 0.38970588235294124 0.7401960784313725 0.3513071895424837 0.7671568627450981 0.35375816993464054 0.7728758169934641 0.3766339869281046 0.7745098039215687 0.39133986928104575 0.7892156862745098 0.400326797385621 0.7883986928104576 0.4158496732026144 0.7810457516339869 0.42647058823529416 0.7655228758169935
0 0.5497986520641438 0.7349315872793875 0.5567084554160638 0.7468613257834162 0.5705279662702247 0.7424661816572637 0.5856037788657313 0.7336758455014807 0.5906290816807931 0.7267691699160361 0.5950261857003428 0.7160951731899146 0.5925135822176514 0.7098163684934236 0.5862319776612438 0.706676966145178 0.5793221743093239 0.7010260802411187 0.5705279662702247 0.6997702905597335 0.5548239548792059 0.7060490952562245 0.542888944561903 0.7148394314120076 0.534000630577736 0.7250043013296531 0.5403762452295325 0.7299085722642817 0.5497986520641438 0.7349315872793875
0 0.6447745018358995 0.6575442706674243 0.6598503623562457 0.6625673335860084 0.6705290709322027 0.6707297509493597 0.6856049314525487 0.6588000124453312 0.6969118388240182 0.6468703218447808 0.6862330823232216 0.6368242199593517 0.6724135714690609 0.626150247184969 0.6567095600780418 0.6142205086809406 0.6416336995576956 0.6073138330954961 0.6265578390373496 0.6085695988251422 0.6221607350178 0.6198714424884781 0.6234170367591458 0.6305454152628608 0.6290704904448804 0.6456145321633956 0.6447745018358995 0.6575442706674243
0 0.9038434937722328 0.7189193825784991 0.9195475051632518 0.7321048628604345 0.9346233656835982 0.74529034314237 0.9402768193693326 0.7515691478388611 0.9572371325016973 0.7421509407941245 0.9704284924851854 0.7308491210825275 0.9811072489859818 0.7164078511192071 0.9691721907438396 0.7019665811558864 0.9528400284821478 0.6881532299849974 0.9383923188324745 0.6781071520513074 0.9195475051632518 0.6674331553251857 0.9032153429015599 0.6649216717693718 0.8935600180936609 0.6833959005909107 0.8931647851962757 0.7013387102669328 0.9038434937722328 0.7189193825784991
0 0.9214320057001096 0.6291324562572861 0.947186574796413 0.6448294679985138 0.9698003416145125 0.6360391557944699 0.9848762021348586 0.6234815464014879 0.9641468879287778 0.5996220693934305 0.9453020742595549 0.5820414210336035 0.9283417611271902 0.573878979718513 0.9138940514775171 0.5770183820667586 0.9061210447317719 0.5891882008050788 0.9076124469211094 0.6102960421678132 0.9214320057001096 0.6291324562572861
0 0.7931254393021334 0.3688183307858359 0.8213926598059677 0.4033517566165365 0.8396093226045176 0.41025845615372003 0.8571978345323944 0.41842094537228885 0.8396093226045174 0.3907941472235545 0.8251616129548442 0.371329862245128 0.8025478461367448 0.3443310068405644 0.788100184411911 0.34684251434811736 0.7931254393021334 0.3688183307858359
0 0.823529411764706 0.9223856209150326 0.803921568627451 0.9354575163398692 0.7859477124183007 0.9616013071895425 0.7859477124183007 0.9763071895424836 0.7982026143790851 0.9901960784313725 0.81781045751634 0.9869281045751633 0.8611111111111112 0.9501633986928104 0.823529411764706 0.9223856209150326
0 0.25653594771241833 0.9093137254901961 0.22794117647058826 0.9199346405228759 0.2173202614379085 0.9387254901960783 0.23937908496732027 0.9754901960784315 0.2687908496732026 0.9787581699346405 0.28594771241830064 0.9681372549019607 0.28921568627450983 0.9452614379084966 0.25653594771241833 0.9093137254901961
0 0.29575163398692816 0.8684640522875817 0.27205882352941174 0.8856209150326797 0.2508169934640523 0.8872549019607843 0.25 0.8946078431372548 0.27532679738562094 0.9232026143790849 0.30637254901960786 0.9297385620915032 0.3235294117647059 0.9191176470588235 0.32679738562091504 0.9011437908496731 0.29575163398692816 0.8684640522875817
0 0.400326797385621 0.878267973856209 0.39133986928104575 0.8774509803921569 0.3766339869281046 0.892156862745098 0.35375816993464054 0.8937908496732027 0.3513071895424837 0.8995098039215685 0.38970588235294124 0.926470588235294 0.41258169934640526 0.9281045751633987 0.4215686274509804 0.9223856209150326 0.42647058823529416 0.9011437908496731 0.4158496732026144 0.8856209150326797 0.400326797385621 0.878267973856209
0 0.534000630577736 0.9416623653370136 0.542888944561903 0.951827235254659 0.5548239548792059 0.9606175714104422 0.5705279662702247 0.9668963761069332 0.5793221743093239 0.9656405864255481 0.5862319776612438 0.9599897005214887 0.5925135822176514 0.9568502981732432 0.5950261857003428 0.9505714934767523 0.5906290816807931 0.9398974967506305 0.5856037788657313 0.9329908211651861 0.5705279662702247 0.9242004850094031 0.5567084554160638 0.9198053408832506 0.5497986520641438 0.9317350793872792 0.5403762452295325 0.936758094402385 0.534000630577736 0.9416623653370136
0 0.6705290709322027 0.995936915717307 0.6652134283911534 1 0.6756636756771102 1 0.6705290709322027 0.995936915717307
0 0.9195475051632518 0.999233511341481 0.9383923188324745 0.9885595146153592 0.9528400284821478 0.9785134366816691 0.9691721907438396 0.9647000855107803 0.9811072489859818 0.9502588155474596 0.9704284924851854 0.935817545584139 0.9572371325016973 0.9245157258725422 0.9402768193693326 0.9150975188278055 0.9346233656835982 0.9213763235242967 0.9195475051632518 0.9345618038062321 0.9038434937722328 0.9477472840881677 0.8931647851962757 0.9653279563997338 0.8935600180936609 0.9832707660757559 0.9023033431269406 1 0.9145630340869029 1 0.9195475051632518 0.999233511341481