0 0.8080065359477124 0.6334422657952069 0.800653594771242 0.6407952069716777 0.8022875816993464 0.6620370370370371 0.8137254901960785 0.6914488017429194 0.8251633986928105 0.6979847494553376 0.8169934640522876 0.635893246187364 0.8080065359477124 0.6334422657952069
0 0.7382696117553977 0.4765334358564967 0.733367650971084 0.4536576188630327 0.7243807228665089 0.443036703830353 0.704772879729254 0.4463046776865621 0.6933136559322888 0.4641994261212783 0.6917724825915088 0.4800030529005949 0.6944695359378736 0.49156668225131434 0.7015049058730448 0.5002262463140131 0.7170277816900382 0.5010432397780654 0.7350016378991886 0.49123931820943795 0.7382696117553977 0.4765334358564967
0 0.689460722580339 0.41331945697811245 0.6830993495350371 0.4002136742286143 0.6675764737180437 0.39449471998024827 0.6536875848291549 0.4018476611567189 0.6478490423792813 0.42449763201714136 0.6463078690385013 0.4453121648484365 0.6528705913651025 0.453318249392013 0.6749294148945144 0.45576922978416984 0.6852224958931942 0.446853982095199 0.689460722580339 0.41331945697811245
0 0.6393725890049917 0.39443219570527066 0.6421568627450981 0.3809912854030501 0.6348039215686275 0.36546840958605664 0.6233660130718954 0.3638344226579521 0.6120167622061484 0.3670649395752345 0.6046961888374439 0.37824311461426335 0.5996873754799091 0.39828673882217713 0.6019991354910791 0.41100673110796854 0.6108608822005636 0.4144758199131844 0.6285843756195324 0.41254854835473115 0.637060828993822 0.40291219056246497 0.6393725890049917 0.39443219570527066
0 0.5524168944847232 0.4187398539542098 0.5686841257726661 0.4236885507365272 0.578232275642909 0.4201537711731902 0.5789395629912347 0.4077820427015105 0.5803540837273791 0.392935965838672 0.5789395629912347 0.38445250971918843 0.5722204815735343 0.3777364164131455 0.5609041268226039 0.38021075806224724 0.5527705246687592 0.38798728928252546 0.5517096071363974 0.39576379353457586 0.5485268815195652 0.4116703015695926 0.5524168944847232 0.4187398539542098
0 0.4101307189542484 0.4087690631808279 0.4101307189542484 0.40386710239651424 0.41339869281045755 0.3989651416122005 0.41339869281045755 0.38425925925925924 0.411764705882353 0.3809912854030501 0.40441176470588236 0.3736383442265796 0.4011437908496732 0.372004357298475 0.3929738562091504 0.372004357298475 0.3872549019607843 0.3760893246187364 0.3872549019607843 0.37935729847494554 0.38562091503267976 0.3809912854030501 0.3872549019607843 0.38262527233115473 0.3888888888888889 0.3956971677559913 0.39052287581699346 0.39733115468409586 0.39052287581699346 0.4087690631808279 0.3929738562091504 0.4128540305010894 0.3962418300653595 0.4144880174291939 0.400326797385621 0.41367102396514166 0.406045751633987 0.4128540305010894 0.4101307189542484 0.4087690631808279
0 0.3709150326797386 0.39242919389978215 0.3709150326797386 0.389161220043573 0.37254901960784315 0.38752723311546844 0.37254901960784315 0.3711873638344227 0.3709150326797386 0.3695533769063181 0.37254901960784315 0.3679193899782135 0.37254901960784315 0.3613834422657952 0.3709150326797386 0.3597494553376907 0.369281045751634 0.3532135076252723 0.36356209150326796 0.3474945533769063 0.3570261437908497 0.34586056644880175 0.3553921568627451 0.3442265795206972 0.3504901960784314 0.3442265795206972 0.3415032679738562 0.3499455337690632 0.33660130718954256 0.3597494553376907 0.33496732026143794 0.38262527233115473 0.33660130718954256 0.38425925925925924 0.33660130718954256 0.39242919389978215 0.3382352941176471 0.3940631808278867 0.3382352941176471 0.39733115468409586 0.34232026143790856 0.40141612200435733 0.3455882352941177 0.4030501089324619 0.35784313725490197 0.40223311546840956 0.3651960784313726 0.39978213507625276 0.3709150326797386 0.39242919389978215
0 0.32679738562091504 0.4218409586056645 0.32679738562091504 0.4185729847494553 0.32843137254901966 0.4169389978213508 0.32843137254901966 0.40223311546840956 0.32679738562091504 0.400599128540305 0.32843137254901966 0.3989651416122005 0.32843137254901966 0.38425925925925924 0.3235294117647059 0.3744553376906318 0.3161764705882353 0.36873638344226584 0.31290849673202614 0.36873638344226584 0.3112745098039216 0.3671023965141612 0.309640522875817 0.36873638344226584 0.30310457516339867 0.36873638344226584 0.2949346405228758 0.3736383442265796 0.28758169934640526 0.38425925925925924 0.28758169934640526 0.38752723311546844 0.28431372549019607 0.3940631808278867 0.28431372549019607 0.41367102396514166 0.28594771241830064 0.41530501089324623 0.28758169934640526 0.4234749455337691 0.2949346405228758 0.4291938997821351 0.298202614379085 0.4291938997821351 0.29983660130718953 0.4308278867102397 0.3137254901960784 0.43001089324618735 0.32271241830065356 0.42592592592592593 0.32679738562091504 0.4218409586056645
0 0.2647058823529412 0.531318082788671 0.2647058823529412 0.5280501089324618 0.2679738562091503 0.5215141612200436 0.2679738562091503 0.508442265795207 0.26960784313725494 0.5051742919389979 0.2679738562091503 0.5035403050108932 0.2679738562091503 0.497004357298475 0.25980392156862747 0.4822984749455338 0.2508169934640523 0.47657952069716775 0.24101307189542484 0.47657952069716775 0.22875816993464054 0.48720043572984756 0.22385620915032683 0.497004357298475 0.22385620915032683 0.5035403050108932 0.2222222222222222 0.5051742919389979 0.22385620915032683 0.5264161220043573 0.2254901960784314 0.5280501089324618 0.2254901960784314 0.531318082788671 0.2361111111111111 0.5419389978213508 0.2516339869281046 0.5411220043572985 0.25571895424836605 0.5403050108932462 0.2647058823529412 0.531318082788671
0 0.1568627450980392 0.5885076252723311 0.1527777777777778 0.579520697167756 0.13398692810457516 0.5836056644880174 0.1111111111111111 0.6244553376906318 0.1111111111111111 0.6375272331154684 0.14869281045751634 0.6032135076252724 0.1568627450980392 0.5885076252723311
0 0.8251633986928105 0.8924291938997823 0.8137254901960785 0.8989651416122006 0.8022875816993464 0.9283769063180829 0.800653594771242 0.9496187363834424 0.8080065359477124 0.9569716775599129 0.8169934640522876 0.9545206971677561 0.8251633986928105 0.8924291938997823
0 0.6536875848291549 0.005559746250688537 0.6675764737180437 0.012912687427159116 0.6830993495350371 0.007193733178793106 0.6865910921660082 0 0.6522544344425514 0 0.6536875848291549 0.005559746250688537
0 0.5996873754799091 0.009120668585230283 0.6046961888374439 0.029164292793144076 0.6120167622061484 0.040342467832172914 0.6233660130718954 0.04357298474945531 0.6348039215686275 0.04193899782135074 0.6421568627450981 0.026416122004357286 0.6393725890049917 0.012975211702136768 0.637060828993822 0.004495216844942461 0.6331066902191019 0 0.6013449863051941 0 0.5996873754799091 0.009120668585230283
0 0.5517096071363974 0.011643613872831542 0.5527705246687592 0.01942011812488191 0.5609041268226039 0.027196649345160157 0.5722204815735343 0.029670990994261938 0.5789395629912347 0.02295489768821894 0.5803540837273791 0.014471441568735336 0.5789752579022133 0 0.5493798419821609 0 0.5517096071363974 0.011643613872831542
0 0.39052287581699346 0.010076252723311528 0.3888888888888889 0.011710239651416097 0.3872549019607843 0.024782135076252716 0.38562091503267976 0.026416122004357286 0.3872549019607843 0.028050108932461855 0.3872549019607843 0.03131808278867103 0.3929738562091504 0.03540305010893244 0.4011437908496732 0.03540305010893244 0.40441176470588236 0.03376906318082787 0.411764705882353 0.026416122004357286 0.41339869281045755 0.023148148148148147 0.41339869281045755 0.008442265795206958 0.4101307189542484 0.003540305010893217 0.4101307189542484 0 0.39052287581699346 0 0.39052287581699346 0.010076252723311528
0 0.35784313725490197 0.00517429193899782 0.3455882352941177 0.004357298474945519 0.34232026143790856 0.005991285403050088 0.3382352941176471 0.010076252723311528 0.3382352941176471 0.0133442265795207 0.33660130718954256 0.014978213507625269 0.33660130718954256 0.023148148148148147 0.33496732026143794 0.024782135076252716 0.33660130718954256 0.04765795206971676 0.3415032679738562 0.05746187363834422 0.3504901960784314 0.06318082788671023 0.3553921568627451 0.06318082788671023 0.3570261437908497 0.06154684095860566 0.36356209150326796 0.059912854030501075 0.369281045751634 0.05419389978213506 0.3709150326797386 0.04765795206971676 0.37254901960784315 0.04602396514161219 0.37254901960784315 0.039488017429193875 0.3709150326797386 0.037854030501089306 0.37254901960784315 0.036220043572984736 0.37254901960784315 0.019880174291938977 0.3709150326797386 0.018246187363834408 0.3709150326797386 0.014978213507625269 0.3651960784313726 0.007625272331154657 0.35784313725490197 0.00517429193899782
0 0.28431372549019607 0.0133442265795207 0.28758169934640526 0.019880174291938977 0.28758169934640526 0.023148148148148147 0.2949346405228758 0.03376906318082787 0.30310457516339867 0.038671023965141604 0.309640522875817 0.038671023965141604 0.3112745098039216 0.040305010893246174 0.31290849673202614 0.038671023965141604 0.3161764705882353 0.038671023965141604 0.3235294117647059 0.0329520697167756 0.32843137254901966 0.023148148148148147 0.32843137254901966 0.008442265795206958 0.32679738562091504 0.006808278867102389 0.32843137254901966 0.00517429193899782 0.32843137254901966 0 0.28431372549019607 0 0.28431372549019607 0.0133442265795207
0 0.14869281045751634 0.9872004357298477 0.1111111111111111 0.9528867102396515 0.1111111111111111 0.9659586056644881 0.13017429193899777 1 0.15580367949648988 1 0.14869281045751634 0.9872004357298477