0 0.3483333333333334 0.45770833333333333 0.3483333333333334 0.44645833333333335 0.3466666666666666 0.439375 0.3395833333333333 0.42604166666666665 0.3235416666666666 0.4116666666666667 0.31187499999999996 0.4091666666666666 0.304375 0.4125 0.2916666666666667 0.4227083333333333 0.2891666666666666 0.43395833333333333 0.2891666666666666 0.4427083333333333 0.2941666666666667 0.4552083333333333 0.29583333333333334 0.46520833333333333 0.3027083333333333 0.47041666666666665 0.3179166666666667 0.4727083333333333 0.34395833333333337 0.46499999999999997 0.3483333333333334 0.45770833333333333
0 0.36145833333333327 0.6095833333333333 0.3633333333333333 0.6064583333333333 0.3616666666666667 0.588125 0.35458333333333336 0.5710416666666667 0.34354166666666663 0.5608333333333333 0.3360416666666667 0.5583333333333333 0.3239583333333333 0.5629166666666666 0.31229166666666663 0.5708333333333333 0.30916666666666665 0.5747916666666667 0.3075 0.584375 0.30874999999999997 0.5964583333333334 0.31375 0.6081249999999999 0.3277083333333333 0.6183333333333333 0.3345833333333333 0.6181249999999999 0.3539583333333333 0.61375 0.36145833333333327 0.6095833333333333
0 0.3179166666666667 0.776875 0.31499999999999995 0.7664583333333334 0.31083333333333335 0.760625 0.30354166666666665 0.75375 0.29229166666666667 0.7479166666666666 0.27645833333333336 0.7575000000000001 0.27125 0.7627083333333333 0.26958333333333334 0.768125 0.27041666666666664 0.7810416666666666 0.2729166666666667 0.7877083333333332 0.28104166666666663 0.795 0.2895833333333333 0.796875 0.31354166666666666 0.7870833333333332 0.3179166666666667 0.776875
0 0.68375 0.740625 0.6883333333333334 0.731875 0.69 0.7218749999999999 0.6766666666666666 0.6972916666666665 0.6727083333333334 0.6954166666666667 0.651875 0.7070833333333333 0.6454166666666666 0.7135416666666666 0.6416666666666666 0.7260416666666666 0.646875 0.7320833333333333 0.654375 0.7370833333333334 0.6652083333333333 0.7433333333333333 0.6733333333333333 0.7447916666666666 0.6802083333333334 0.74375 0.68375 0.740625
0 0.6960416666666667 0.5341666666666667 0.6991666666666666 0.5297916666666667 0.70125 0.521875 0.70125 0.5072916666666667 0.6885416666666666 0.48458333333333337 0.6760416666666665 0.48583333333333334 0.6643749999999999 0.49125 0.6504166666666668 0.504375 0.6420833333333333 0.5214583333333332 0.6445833333333333 0.5272916666666666 0.6602083333333333 0.5395833333333333 0.668125 0.5429166666666666 0.6766666666666666 0.5427083333333333 0.688125 0.5395833333333333 0.6960416666666667 0.5341666666666667
0 0.7252083333333332 0.4116666666666667 0.72875 0.40854166666666664 0.7329166666666667 0.3964583333333333 0.7341666666666666 0.38895833333333335 0.7333333333333333 0.3802083333333333 0.7258333333333333 0.3697916666666667 0.7220833333333333 0.36104166666666665 0.7164583333333333 0.3575 0.7085416666666667 0.3575 0.6927083333333334 0.36166666666666664 0.67625 0.37645833333333334 0.6691666666666666 0.3914583333333333 0.6675 0.400625 0.6697916666666667 0.4066666666666667 0.6922916666666666 0.41875 0.7008333333333333 0.41895833333333327 0.7189583333333334 0.415 0.7252083333333332 0.4116666666666667
0 0.015416666666666658 0.4727083333333333 0.03062500000000001 0.47041666666666665 0.037500000000000006 0.46520833333333333 0.03916666666666667 0.4552083333333333 0.04416666666666668 0.4427083333333333 0.04416666666666668 0.43395833333333333 0.041666666666666664 0.4227083333333333 0.028958333333333346 0.4125 0.02145833333333334 0.4091666666666666 0.009791666666666676 0.4116666666666667 0 0.4204410173160173 0 0.46814500000000003 0.015416666666666658 0.4727083333333333
0 0.005625000000000015 0.6183333333333333 0.019583333333333335 0.6081249999999999 0.024583333333333342 0.5964583333333334 0.025833333333333344 0.584375 0.024166666666666677 0.5747916666666667 0.021041666666666674 0.5708333333333333 0.009374999999999993 0.5629166666666666 0 0.5593606321839081 0 0.6181628787878787 0.005625000000000015 0.6183333333333333
0 0.04375 0.796875 0.052291666666666674 0.795 0.06041666666666667 0.7877083333333332 0.06291666666666666 0.7810416666666666 0.06375 0.768125 0.06208333333333333 0.7627083333333333 0.056875 0.7575000000000001 0.04104166666666668 0.7479166666666666 0.029791666666666678 0.75375 0.022499999999999996 0.760625 0.018333333333333337 0.7664583333333334 0.015416666666666658 0.776875 0.019791666666666676 0.7870833333333332 0.04375 0.796875
0 0.9939583333333334 0.6954166666666667 0.99 0.6972916666666665 0.9766666666666667 0.7218749999999999 0.9783333333333334 0.731875 0.9829166666666667 0.740625 0.9864583333333334 0.74375 0.9933333333333333 0.7447916666666666 1 0.7435950854700855 1 0.6988 0.9939583333333334 0.6954166666666667
0 0.990625 0.48583333333333334 0.978125 0.48458333333333337 0.9654166666666667 0.5072916666666667 0.9654166666666667 0.521875 0.9674999999999999 0.5297916666666667 0.970625 0.5341666666666667 0.9785416666666668 0.5395833333333333 0.99 0.5427083333333333 0.9985416666666667 0.5429166666666666 1 0.5423026315789473 1 0.4901860119047619 0.990625 0.48583333333333334
0 0.9658333333333333 0.41895833333333327 0.974375 0.41875 0.9968750000000001 0.4066666666666667 0.9991666666666668 0.400625 0.9975 0.3914583333333333 0.9904166666666667 0.37645833333333334 0.9739583333333334 0.36166666666666664 0.958125 0.3575 0.9502083333333333 0.3575 0.9445833333333333 0.36104166666666665 0.9408333333333333 0.3697916666666667 0.9333333333333333 0.3802083333333333 0.9325 0.38895833333333335 0.93375 0.3964583333333333 0.9379166666666667 0.40854166666666664 0.9414583333333333 0.4116666666666667 0.9477083333333334 0.415 0.9658333333333333 0.41895833333333327