0 0.9133376266457224 0.6913817224517539 0.9149238721431371 0.7014233720120673 0.9196825279555838 0.7119935209551509 0.9281424501552644 0.7098794831021507 0.9366022916751475 0.7019518713948377 0.9360735969625409 0.6850396492146708 0.9329011059677114 0.6749979996543574 0.9276136747628604 0.6660134093424627 0.9160204716295683 0.6703234381076549 0.913866321358329 0.6813400728914405 0.9133376266457224 0.6913817224517539
0 0.6627133794678075 0.7468750044029442 0.6600696638653822 0.7574451533460281 0.6748744470350255 0.7632587272003405 0.681219388684786 0.7637872669050294 0.6944379666969133 0.7669583035235709 0.700782868006775 0.7548026161102571 0.703955318661706 0.7431754684016321 0.700782868006775 0.7352478566943191 0.6902080055970731 0.7299627822227774 0.6780468976899564 0.7267917456042358 0.673816976930015 0.7252062071340059 0.6658858301227384 0.73789039393009 0.6627133794678075 0.7468750044029442
0 0.4787107574030352 0.6855681485974414 0.47236583592322423 0.6919102218345243 0.4670784047183733 0.6982523353935256 0.46602091444341326 0.7098794831021507 0.4723658359232243 0.7215066711326938 0.48558441393535157 0.7294342828400068 0.4966880113975588 0.7326053194585482 0.5083203640822208 0.7326053194585482 0.5120215901295557 0.726263205899547 0.5136077952870718 0.7130505197206923 0.5146653057319812 0.7045944086306087 0.5146653057319812 0.6934957603047543 0.5104353446321409 0.6871536870676712 0.5009179523274496 0.6765835381245874 0.4876993944852717 0.6823971119788997 0.4787107574030352 0.6855681485974414
0 0.4066939630990151 0.595975745620766 0.4035215124440842 0.604960335932661 0.4056364929940043 0.620287039803557 0.4140963748537861 0.6287431710545995 0.4326023840707644 0.6319142076731411 0.44211973603555693 0.6239865959658282 0.45005088284283334 0.613944966566474 0.4548095789951789 0.6033748176233901 0.4474071672404079 0.5943901869895769 0.44106226593054615 0.5864625752822641 0.4331311191232698 0.5811775008107221 0.4267862178134081 0.5801204818842219 0.4151538449587968 0.5869910746650346 0.4066939630990151 0.595975745620766
0 0.2750369180302467 0.6070743536247022 0.2734506927027813 0.6208155593472867 0.2760944083052068 0.6303287296857887 0.28191057456256313 0.6393133199976835 0.2887842512648288 0.645126893851996 0.3020028292769562 0.6498834689407673 0.311520201411698 0.6445983944692254 0.311520201411698 0.6303287296857887 0.31257769168665805 0.6134164470227442 0.30834773058681786 0.6017892791531602 0.3009453390019961 0.5949186863723476 0.2875862774103408 0.598955516997585 0.2803243492350977 0.6017892791531603 0.2750369180302467 0.6070743536247022
0 0.12691141779941434 0.6344165200893008 0.13114137889925456 0.6449866690323847 0.1359000750516002 0.6518572819741564 0.14435995691138198 0.6534428204443864 0.1528198387711637 0.6518572819741564 0.15546355437358916 0.6360020585595307 0.1528198387711637 0.6201468351449049 0.14330248680637128 0.610633684967362 0.13325635944917472 0.6074626483488205 0.12479647758939293 0.610633684967362 0.12426770219698886 0.6233178717634463 0.12691141779941434 0.6344165200893008
0 0.08196825255818128 0.6016490744945081 0.08249702795058533 0.6122192234375918 0.08672694871052686 0.6222608729979052 0.09465809551780333 0.6222608729979052 0.10787667352993069 0.6206753345276754 0.11686533078211647 0.6201468351449049 0.11845153593963256 0.609576686201821 0.11580782033720709 0.6000635561852374 0.11316410473478163 0.5879078687719236 0.11052038913235616 0.5815657955348406 0.10311797737758509 0.5815657955348406 0.09307189036028728 0.5810372759911109 0.08619821365802152 0.5805087766083402 0.08143951750567593 0.5836798132268818 0.08143951750567593 0.5937214627871952 0.08196825255818128 0.6016490744945081
0 0.4873486447962115 0.4112411349879138 0.5005672228083389 0.4218112839309977 0.5180157619203064 0.42551084009326884 0.529648094435019 0.4276248779462693 0.5444529179445612 0.42656785901976907 0.5444529179445612 0.4170547290031854 0.5322918100374445 0.4075415788256426 0.5217169476277426 0.40225650435410065 0.5063833890656951 0.3974999494262884 0.49316481105356763 0.3959144311170177 0.4942223214984772 0.39644293049978824 0.48787737984871676 0.4006709860448299 0.4873486447962115 0.4112411349879138
0 0.9366022916751475 0.9959508506042698 0.9281424501552644 0.9880232388969569 0.9196825279555838 0.9859092010439566 0.9149238721431371 0.9964793499870404 0.9143677269403506 1 0.9364757108004836 1 0.9366022916751475 0.9959508506042698
0 0.673816976930015 0.9726965148651017 0.6780468976899564 0.9711109763948718 0.6902080055970731 0.9679399397763303 0.700782868006775 0.9626548653047884 0.703955318661706 0.9547272535974755 0.700782868006775 0.9431001058888504 0.6944379666969133 0.9309444184755367 0.681219388684786 0.9341154550940781 0.6748744470350255 0.934643994798767 0.6600696638653822 0.9404575686530795 0.6627133794678075 0.9510277175961633 0.6658858301227384 0.9600123280690173 0.673816976930015 0.9726965148651017
0 0.5146653057319812 0.9933083133684989 0.5136077952870718 0.9848522022784153 0.5120215901295557 0.9716395160995606 0.5083203640822208 0.9652974025405593 0.4966880113975588 0.9652974025405593 0.48558441393535157 0.9684684391591007 0.4723658359232243 0.9763960508664137 0.46602091444341326 0.9880232388969569 0.4670784047183733 0.9996503866055818 0.4673698780188879 1 0.5146653057319812 1 0.5146653057319812 0.9933083133684989