0 0.0390625 0.5746889467592593 0.044921875 0.5844545717592593 0.0908203125 0.6225405092592593 0.1357421875 0.6479311342592593 0.1611328125 0.6518373842592593 0.18359375 0.6313295717592593 0.19921875 0.6059389467592593 0.201171875 0.5922670717592593 0.1845703125 0.5756655092592593 0.1357421875 0.5405092592592593 0.1025390625 0.5229311342592593 0.0908203125 0.5190248842592593 0.0732421875 0.5209780092592593 0.0595703125 0.5287905092592593 0.044921875 0.5453920717592593 0.0390625 0.5571108217592593 0.0390625 0.5746889467592593
0 0.3291015625 0.6205873842592593 0.35546875 0.5942201967592593 0.361328125 0.5825014467592593 0.361328125 0.5727358217592593 0.3359375 0.5317201967592593 0.3046875 0.49461082175925924 0.2763671875 0.47019675925925924 0.2587890625 0.46629050925925924 0.2431640625 0.47214988425925924 0.216796875 0.49656394675925924 0.20703125 0.5141420717592593 0.20703125 0.5317201967592593 0.22265625 0.5590639467592593 0.2578125 0.6020326967592593 0.2841796875 0.6283998842592593 0.298828125 0.6332826967592593 0.3076171875 0.6323061342592593 0.3291015625 0.6205873842592593
0 0.4931640625 0.5326967592592593 0.5078125 0.5121889467592593 0.5078125 0.5004701967592593 0.48828125 0.46140769675925924 0.462890625 0.42625144675925924 0.4267578125 0.39207175925925924 0.4111328125 0.38621238425925924 0.3955078125 0.38816550925925924 0.3759765625 0.39793113425925924 0.357421875 0.41648582175925924 0.34765625 0.43406394675925924 0.34765625 0.45164207175925924 0.361328125 0.48093894675925924 0.390625 0.5219545717592593 0.4228515625 0.5541811342592593 0.4345703125 0.5600405092592593 0.447265625 0.5590639467592593 0.4716796875 0.5483217592592593 0.4931640625 0.5326967592592593
0 0.5546875 0.29539207175925924 0.5546875 0.27781394675925924 0.533203125 0.23679832175925927 0.4853515625 0.18308738425925927 0.4638671875 0.17136863425925927 0.4423828125 0.17332175925925927 0.4248046875 0.18504050925925927 0.412109375 0.20164207175925927 0.40625 0.21726707175925927 0.408203125 0.23289207175925927 0.43359375 0.27586082175925924 0.453125 0.29734519675925924 0.4853515625 0.32957175925925924 0.5 0.33250144675925924 0.5341796875 0.31589988425925924 0.5546875 0.29539207175925924
0 0.6318359375 0.6244936342592593 0.6796875 0.5864076967592593 0.681640625 0.5590639467592593 0.677734375 0.5492983217592593 0.6640625 0.5278139467592593 0.6474609375 0.5131655092592593 0.6279296875 0.5112123842592593 0.6044921875 0.5190248842592593 0.5517578125 0.5483217592592593 0.5234375 0.5727358217592593 0.521484375 0.5922670717592593 0.537109375 0.6254701967592593 0.5595703125 0.6518373842592593 0.57421875 0.6508608217592593 0.5908203125 0.6459780092592593 0.6318359375 0.6244936342592593
0 0.759765625 0.7114076967592593 0.765625 0.6996889467592593 0.765625 0.6782045717592593 0.7509765625 0.6498842592592593 0.7373046875 0.6401186342592593 0.7119140625 0.6381655092592593 0.6455078125 0.6557436342592593 0.6181640625 0.6694155092592593 0.609375 0.6782045717592593 0.607421875 0.6996889467592593 0.62109375 0.7446108217592593 0.6357421875 0.7592592592592593 0.654296875 0.7582826967592593 0.7314453125 0.7319155092592593 0.759765625 0.7114076967592593
0 0.9619140625 0.7963686342592593 0.970703125 0.7817201967592593 0.970703125 0.7660951967592593 0.9609375 0.7465639467592593 0.9423828125 0.7338686342592593 0.9150390625 0.7338686342592593 0.8720703125 0.7436342592592593 0.8369140625 0.7592592592592593 0.830078125 0.7700014467592593 0.83203125 0.7875795717592593 0.84375 0.8168764467592593 0.8505859375 0.8237123842592593 0.87890625 0.8227358217592593 0.9287109375 0.8119936342592593 0.9619140625 0.7963686342592593
0 0.7275390625 0.37839988425925924 0.734375 0.36961082175925924 0.736328125 0.34422019675925924 0.728515625 0.32273582175925924 0.7138671875 0.30613425925925924 0.7021484375 0.30027488425925924 0.6865234375 0.30027488425925924 0.6650390625 0.30808738425925924 0.6220703125 0.32957175925925924 0.583984375 0.36179832175925924 0.580078125 0.36961082175925924 0.580078125 0.39109519675925924 0.587890625 0.40867332175925924 0.6123046875 0.43308738425925924 0.630859375 0.43211082175925924 0.6923828125 0.40379050925925924 0.7275390625 0.37839988425925924
0 0.724609375 0.18797019675925927 0.7529296875 0.16355613425925927 0.7763671875 0.15769675925925927 0.8115234375 0.15964988425925927 0.814453125 0.15476707175925927 0.7958984375 0.14402488425925927 0.7666015625 0.14402488425925927 0.7353515625 0.15769675925925927 0.716796875 0.17625144675925927 0.708984375 0.19187644675925927 0.70703125 0.21531394675925927 0.7109375 0.22507957175925927 0.716796875 0.22703269675925927 0.716796875 0.20554832175925927 0.724609375 0.18797019675925927
0 0.53515625 0.18211082175925927 0.525390625 0.15867332175925927 0.5107421875 0.14402488425925927 0.4931640625 0.13621238425925927 0.4814453125 0.13621238425925927 0.525390625 0.21140769675925927 0.53125 0.21531394675925927 0.53515625 0.20554832175925927 0.53515625 0.18211082175925927
0 0.4814453125 0.00730613425925926 0.4931640625 0.00730613425925926 0.5096028645833334 0 0.48571513122294374 0 0.4814453125 0.00730613425925926